#t   #theta   #omega   #xddot    #yddot
0.01 3.09155 -0.00766282 -0.644006 -9.79773
0.02 3.09144 -0.0153374 -0.645484 -9.79771
0.03 3.09125 -0.0230354 -0.647951 -9.79768
0.04 3.09098 -0.0307687 -0.65141 -9.79763
0.05 3.09063 -0.0385491 -0.655866 -9.79756
0.06 3.09021 -0.0463886 -0.661327 -9.79748
0.07 3.0897 -0.054299 -0.667799 -9.79739
0.08 3.08912 -0.0622926 -0.675294 -9.79727
0.09 3.08846 -0.0703816 -0.683822 -9.79715
0.1 3.08771 -0.0785783 -0.693397 -9.797
0.11 3.08689 -0.0868952 -0.704033 -9.79683
0.12 3.08597 -0.0953452 -0.715746 -9.79665
0.13 3.08498 -0.103941 -0.728554 -9.79644
0.14 3.0839 -0.112696 -0.742476 -9.79622
0.15 3.08272 -0.121624 -0.757534 -9.79596
0.16 3.08146 -0.130737 -0.773749 -9.79569
0.17 3.08011 -0.140051 -0.791148 -9.79539
0.18 3.07866 -0.149579 -0.809755 -9.79506
0.19 3.07712 -0.159336 -0.8296 -9.79469
0.2 3.07547 -0.169336 -0.850711 -9.7943
0.21 3.07373 -0.179596 -0.873121 -9.79387
0.22 3.07188 -0.19013 -0.896864 -9.7934
0.23 3.06993 -0.200955 -0.921976 -9.79289
0.24 3.06786 -0.212088 -0.948493 -9.79234
0.25 3.06568 -0.223544 -0.976456 -9.79174
0.26 3.06339 -0.235342 -1.00591 -9.79109
0.27 3.06097 -0.2475 -1.03689 -9.79039
0.28 3.05844 -0.260037 -1.06945 -9.78963
0.29 3.05577 -0.27297 -1.10364 -9.7888
0.3 3.05298 -0.28632 -1.1395 -9.7879
0.31 3.05004 -0.300108 -1.1771 -9.78693
0.32 3.04697 -0.314354 -1.21648 -9.78588
0.33 3.04376 -0.329079 -1.2577 -9.78474
0.34 3.04039 -0.344306 -1.30084 -9.78351
0.35 3.03687 -0.360059 -1.34594 -9.78218
0.36 3.03319 -0.376361 -1.39307 -9.78074
0.37 3.02934 -0.393236 -1.44231 -9.77918
0.38 3.02532 -0.41071 -1.49372 -9.7775
0.39 3.02112 -0.428809 -1.54738 -9.77567
0.4 3.01674 -0.447562 -1.60337 -9.7737
0.41 3.01217 -0.466994 -1.66176 -9.77157
0.42 3.0074 -0.487137 -1.72265 -9.76926
0.43 3.00242 -0.50802 -1.78611 -9.76677
0.44 2.99724 -0.529674 -1.85224 -9.76407
0.45 2.99183 -0.552132 -1.92112 -9.76116
0.46 2.98619 -0.575427 -1.99286 -9.75801
0.47 2.98032 -0.599593 -2.06755 -9.7546
0.48 2.9742 -0.624666 -2.14529 -9.75092
0.49 2.96782 -0.650684 -2.22619 -9.74693
0.5 2.96118 -0.677684 -2.31036 -9.74263
0.51 2.95426 -0.705706 -2.39791 -9.73798
0.52 2.94706 -0.734791 -2.48895 -9.73295
0.53 2.93956 -0.764981 -2.5836 -9.72752
0.54 2.93176 -0.79632 -2.68198 -9.72165
0.55 2.92363 -0.828853 -2.7842 -9.7153
0.56 2.91518 -0.862626 -2.89041 -9.70845
0.57 2.90638 -0.897688 -3.00071 -9.70104
0.58 2.89722 -0.934088 -3.11525 -9.69304
0.59 2.88769 -0.971878 -3.23415 -9.68439
0.6 2.87778 -1.01111 -3.35754 -9.67506
0.61 2.86746 -1.05184 -3.48556 -9.66498
0.62 2.85673 -1.09412 -3.61834 -9.65409
0.63 2.84557 -1.13801 -3.756 -9.64233
0.64 2.83397 -1.18357 -3.89868 -9.62964
0.65 2.8219 -1.23085 -4.04652 -9.61594
0.66 2.80934 -1.27993 -4.19963 -9.60115
0.67 2.79629 -1.33087 -4.35813 -9.5852
0.68 2.78272 -1.38372 -4.52215 -9.56798
0.69 2.76861 -1.43856 -4.69179 -9.54941
0.7 2.75394 -1.49545 -4.86716 -9.52937
0.71 2.7387 -1.55447 -5.04834 -9.50778
0.72 2.72285 -1.61567 -5.23543 -9.48449
0.73 2.70637 -1.67914 -5.42847 -9.4594
0.74 2.68926 -1.74495 -5.62753 -9.43236
0.75 2.67147 -1.81316 -5.83263 -9.40324
0.76 2.65298 -1.88384 -6.04378 -9.37188
0.77 2.63378 -1.95708 -6.26097 -9.33812
0.78 2.61383 -2.03294 -6.48414 -9.3018
0.79 2.59311 -2.11149 -6.71321 -9.26273
0.8 2.5716 -2.1928 -6.94807 -9.22074
0.81 2.54925 -2.27694 -7.18855 -9.17561
0.82 2.52605 -2.36398 -7.43444 -9.12713
0.83 2.50196 -2.45397 -7.68548 -9.0751
0.84 2.47696 -2.54698 -7.94133 -9.01928
0.85 2.45101 -2.64307 -8.2016 -8.95944
0.86 2.42409 -2.74228 -8.46583 -8.89533
0.87 2.39615 -2.84465 -8.73347 -8.8267
0.88 2.36718 -2.95023 -9.00386 -8.75328
0.89 2.33714 -3.05904 -9.27628 -8.67482
0.9 2.30599 -3.17109 -9.54986 -8.59104
0.91 2.27371 -3.28641 -9.82365 -8.50168
0.92 2.24025 -3.40499 -10.0966 -8.40647
0.93 2.20559 -3.5268 -10.3673 -8.30514
0.94 2.1697 -3.65182 -10.6346 -8.19745
0.95 2.13255 -3.77999 -10.8969 -8.08315
0.96 2.09409 -3.91124 -11.1526 -7.962
0.97 2.05431 -4.04549 -11.3996 -7.83382
0.98 2.01318 -4.18262 -11.6362 -7.69843
0.99 1.97065 -4.32249 -11.86 -7.55567
1 1.92672 -4.46494 -12.0687 -7.40546
1.01 1.88135 -4.60977 -12.2597 -7.24774
1.02 1.83451 -4.75676 -12.4305 -7.08253
1.03 1.7862 -4.90564 -12.5781 -6.9099
1.04 1.7364 -5.05613 -12.6995 -6.73001
1.05 1.68508 -5.20789 -12.7916 -6.54308
1.06 1.63224 -5.36056 -12.8513 -6.34946
1.07 1.57786 -5.51374 -12.8753 -6.14959
1.08 1.52196 -5.66696 -12.8603 -5.944
1.09 1.46453 -5.81976 -12.803 -5.73338
1.1 1.40557 -5.97162 -12.7003 -5.51852
1.11 1.3451 -6.12196 -12.5491 -5.30033
1.12 1.28314 -6.2702 -12.3466 -5.07989
1.13 1.2197 -6.41571 -12.0902 -4.85838
1.14 1.15483 -6.55784 -11.7777 -4.63711
1.15 1.08856 -6.6959 -11.4073 -4.41753
1.16 1.02093 -6.82921 -10.9777 -4.20117
1.17 0.951995 -6.95704 -10.4882 -3.98969
1.18 0.881811 -7.07869 -9.93858 -3.78481
1.19 0.810444 -7.19344 -9.32959 -3.58828
1.2 0.737967 -7.30059 -8.66253 -3.40191
1.21 0.66446 -7.39946 -7.93955 -3.22749
1.22 0.590008 -7.48941 -7.16358 -3.06678
1.23 0.514703 -7.56983 -6.33837 -2.92146
1.24 0.438645 -7.64015 -5.46844 -2.79311
1.25 0.361936 -7.69987 -4.55907 -2.68317
1.26 0.284684 -7.74857 -3.61617 -2.59291
1.27 0.207002 -7.78587 -2.64629 -2.52337
1.28 0.129006 -7.81149 -1.65642 -2.47541
1.29 0.0508119 -7.82526 -0.653954 -2.44959
1.3 -0.0274596 -7.82704 0.353515 -2.44622
1.31 -0.105689 -7.81685 1.35828 -2.46536
1.32 -0.183757 -7.79475 2.35269 -2.50677
1.33 -0.261545 -7.7609 3.32929 -2.56995
1.34 -0.338937 -7.71558 4.28094 -2.65413
1.35 -0.415819 -7.6591 5.20097 -2.75832
1.36 -0.492083 -7.59189 6.08325 -2.88132
1.37 -0.567623 -7.51443 6.92231 -3.02173
1.38 -0.642339 -7.42727 7.7134 -3.17802
1.39 -0.716138 -7.33099 8.45254 -3.34853
1.4 -0.788931 -7.22623 9.13655 -3.53152
1.41 -0.860636 -7.11368 9.76304 -3.72521
1.42 -0.931181 -6.99402 10.3304 -3.92779
1.43 -1.0005 -6.86795 10.8379 -4.13748
1.44 -1.06852 -6.73621 11.2853 -4.35256
1.45 -1.1352 -6.59949 11.6733 -4.57134
1.46 -1.2005 -6.4585 12.0029 -4.79227
1.47 -1.26436 -6.31393 12.2758 -5.01385
1.48 -1.32677 -6.16644 12.4941 -5.23474
1.49 -1.38768 -6.01666 12.6604 -5.45372
1.5 -1.44709 -5.8652 12.7772 -5.66967
1.51 -1.50498 -5.71262 12.8478 -5.88165
1.52 -1.56134 -5.55947 12.875 -6.08881
1.53 -1.61617 -5.40623 12.8624 -6.29046
1.54 -1.66947 -5.25337 12.813 -6.48599
1.55 -1.72124 -5.1013 12.7302 -6.67495
1.56 -1.7715 -4.95039 12.6172 -6.85698
1.57 -1.82025 -4.80099 12.4771 -7.03179
1.58 -1.86753 -4.65341 12.3129 -7.19923
1.59 -1.91333 -4.50791 12.1276 -7.35919
1.6 -1.95769 -4.36473 11.9239 -7.51163
1.61 -2.00063 -4.22407 11.7044 -7.6566
1.62 -2.04218 -4.08611 11.4714 -7.79418
1.63 -2.08236 -3.95099 11.2273 -7.9245
1.64 -2.12121 -3.81883 10.974 -8.04772
1.65 -2.15875 -3.68973 10.7135 -8.16405
1.66 -2.19502 -3.56377 10.4475 -8.27369
1.67 -2.23004 -3.441 10.1776 -8.37689
1.68 -2.26385 -3.32145 9.90523 -8.47389
1.69 -2.29648 -3.20516 9.63158 -8.56497
1.7 -2.32796 -3.09213 9.35783 -8.65039
1.71 -2.35833 -2.98235 9.08497 -8.73041
1.72 -2.38762 -2.87582 8.81389 -8.8053
1.73 -2.41586 -2.77249 8.54536 -8.87534
1.74 -2.44308 -2.67234 8.28006 -8.94077
1.75 -2.46932 -2.57533 8.01855 -9.00186
1.76 -2.4946 -2.48141 7.76133 -9.05885
1.77 -2.51895 -2.39052 7.50882 -9.11199
1.78 -2.54242 -2.3026 7.26137 -9.1615
1.79 -2.56502 -2.21761 7.01925 -9.20761
1.8 -2.58678 -2.13546 6.78269 -9.25052
1.81 -2.60773 -2.05609 6.55188 -9.29044
1.82 -2.62791 -1.97944 6.32694 -9.32756
1.83 -2.64733 -1.90543 6.10796 -9.36206
1.84 -2.66603 -1.83399 5.895 -9.39412
1.85 -2.68402 -1.76504 5.6881 -9.42389
1.86 -2.70134 -1.69853 5.48724 -9.45154
1.87 -2.718 -1.63437 5.2924 -9.4772
1.88 -2.73403 -1.5725 5.10355 -9.50101
1.89 -2.74946 -1.51284 4.92061 -9.5231
1.9 -2.76429 -1.45532 4.74351 -9.54359
1.91 -2.77857 -1.39987 4.57217 -9.56258
1.92 -2.7923 -1.34643 4.40649 -9.58019
1.93 -2.8055 -1.29493 4.24635 -9.59652
1.94 -2.8182 -1.24531 4.09164 -9.61164
1.95 -2.83042 -1.19749 3.94225 -9.62566
1.96 -2.84216 -1.15142 3.79804 -9.63865
1.97 -2.85345 -1.10704 3.65889 -9.65067
1.98 -2.86431 -1.06429 3.52467 -9.66181
1.99 -2.87474 -1.0231 3.39525 -9.67213
2 -2.88477 -0.983431 3.27049 -9.68168
2.01 -2.89441 -0.945216 3.15027 -9.69053
2.02 -2.90368 -0.908407 3.03444 -9.69872
2.03 -2.91259 -0.872951 2.92289 -9.70629
2.04 -2.92114 -0.838798 2.81547 -9.71331
2.05 -2.92937 -0.8059 2.71207 -9.7198
2.06 -2.93727 -0.774209 2.61256 -9.72581
2.07 -2.94486 -0.743681 2.51681 -9.73137
2.08 -2.95214 -0.714271 2.42471 -9.73652
2.09 -2.95914 -0.685936 2.33613 -9.74128
2.1 -2.96587 -0.658635 2.25096 -9.74568
2.11 -2.97232 -0.632329 2.1691 -9.74976
2.12 -2.97852 -0.606977 2.09042 -9.75353
2.13 -2.98446 -0.582544 2.01483 -9.75702
2.14 -2.99017 -0.558993 1.94222 -9.76024
2.15 -2.99565 -0.53629 1.8725 -9.76323
2.16 -3.0009 -0.514399 1.80556 -9.76599
2.17 -3.00594 -0.493289 1.74131 -9.76854
2.18 -3.01077 -0.472929 1.67967 -9.7709
2.19 -3.0154 -0.453287 1.62054 -9.77308
2.2 -3.01983 -0.434335 1.56384 -9.7751
2.21 -3.02409 -0.416044 1.50949 -9.77697
2.22 -3.02816 -0.398386 1.45742 -9.77869
2.23 -3.03206 -0.381335 1.40754 -9.78029
2.24 -3.03579 -0.364865 1.35978 -9.78176
2.25 -3.03935 -0.348951 1.31408 -9.78313
2.26 -3.04277 -0.333569 1.27037 -9.78439
2.27 -3.04603 -0.318696 1.22858 -9.78555
2.28 -3.04914 -0.304309 1.18866 -9.78663
2.29 -3.05212 -0.290387 1.15054 -9.78762
2.3 -3.05495 -0.276909 1.11416 -9.78854
2.31 -3.05766 -0.263853 1.07948 -9.78939
2.32 -3.06023 -0.2512 1.04644 -9.79017
2.33 -3.06268 -0.238932 1.01499 -9.79089
2.34 -3.06501 -0.227028 0.985087 -9.79156
2.35 -3.06722 -0.215471 0.956684 -9.79217
2.36 -3.06932 -0.204244 0.92974 -9.79273
2.37 -3.07131 -0.193329 0.904213 -9.79325
2.38 -3.07319 -0.18271 0.880066 -9.79373
2.39 -3.07496 -0.17237 0.857261 -9.79417
2.4 -3.07664 -0.162293 0.835766 -9.79458
2.41 -3.07821 -0.152465 0.815546 -9.79495
2.42 -3.07969 -0.142871 0.796573 -9.79529
2.43 -3.08107 -0.133495 0.778817 -9.7956
2.44 -3.08236 -0.124323 0.762251 -9.79589
2.45 -3.08356 -0.115341 0.74685 -9.79614
2.46 -3.08466 -0.106536 0.732591 -9.79638
2.47 -3.08569 -0.097894 0.719453 -9.79659
2.48 -3.08662 -0.0894018 0.707415 -9.79678
2.49 -3.08747 -0.0810465 0.69646 -9.79695
2.5 -3.08824 -0.0728152 0.68657 -9.7971
2.51 -3.08893 -0.0646954 0.677731 -9.79724
2.52 -3.08954 -0.0566746 0.669929 -9.79735
2.53 -3.09007 -0.0487406 0.663153 -9.79745
2.54 -3.09051 -0.0408812 0.657391 -9.79754
2.55 -3.09088 -0.0330844 0.652636 -9.79761
2.56 -3.09118 -0.0253383 0.648881 -9.79766
2.57 -3.09139 -0.017631 0.646118 -9.7977
2.58 -3.09153 -0.00995061 0.644345 -9.79773
2.59 -3.09159 -0.0022855 0.643558 -9.79774
2.6 -3.09157 0.00537612 0.643757 -9.79774
2.61 -3.09148 0.013046 0.644941 -9.79772
2.62 -3.09131 0.0207358 0.647113 -9.79769
2.63 -3.09107 0.0284574 0.650276 -9.79764
2.64 -3.09074 0.0362225 0.654434 -9.79758
2.65 -3.09034 0.0440431 0.659594 -9.79751
2.66 -3.08986 0.0519311 0.665763 -9.79742
2.67 -3.0893 0.0598986 0.672952 -9.79731
2.68 -3.08866 0.0679579 0.681171 -9.79719
2.69 -3.08794 0.0761211 0.690432 -9.79704
2.7 -3.08714 0.0844009 0.70075 -9.79689
2.71 -3.08626 0.0928099 0.71214 -9.79671
2.72 -3.08528 0.101361 0.724619 -9.79651
2.73 -3.08423 0.110067 0.738207 -9.79629
2.74 -3.08308 0.118942 0.752923 -9.79604
2.75 -3.08185 0.127998 0.768791 -9.79577
2.76 -3.08052 0.137251 0.785834 -9.79548
2.77 -3.0791 0.146714 0.804078 -9.79516
2.78 -3.07759 0.156401 0.82355 -9.7948
2.79 -3.07597 0.166327 0.84428 -9.79442
2.8 -3.07426 0.176508 0.8663 -9.794
2.81 -3.07244 0.186958 0.889642 -9.79355
2.82 -3.07052 0.197695 0.914341 -9.79305
2.83 -3.06849 0.208734 0.940435 -9.79251
2.84 -3.06634 0.220092 0.967962 -9.79193
2.85 -3.06408 0.231786 0.996965 -9.79129
2.86 -3.06171 0.243835 1.02749 -9.79061
2.87 -3.05921 0.256257 1.05957 -9.78986
2.88 -3.05658 0.269069 1.09327 -9.78905
2.89 -3.05382 0.282293 1.12863 -9.78818
2.9 -3.05093 0.295948 1.1657 -9.78723
2.91 -3.0479 0.310055 1.20454 -9.7862
2.92 -3.04473 0.324635 1.24521 -9.78509
2.93 -3.04141 0.339711 1.28777 -9.78389
2.94 -3.03793 0.355304 1.33227 -9.78259
2.95 -3.0343 0.371439 1.3788 -9.78118
2.96 -3.0305 0.388141 1.4274 -9.77966
2.97 -3.02654 0.405434 1.47815 -9.77801
2.98 -3.02239 0.423344 1.53114 -9.77623
2.99 -3.01807 0.441898 1.58642 -9.77431
3 -3.01355 0.461125 1.64409 -9.77222
3.01 -3.00884 0.481053 1.70422 -9.76997
3.02 -3.00393 0.501712 1.76691 -9.76753
3.03 -2.99881 0.523133 1.83223 -9.7649
3.04 -2.99346 0.545347 1.90028 -9.76205
3.05 -2.9879 0.568389 1.97116 -9.75897
3.06 -2.98209 0.592291 2.04496 -9.75564
3.07 -2.97605 0.61709 2.12178 -9.75204
3.08 -2.96975 0.642822 2.20173 -9.74815
3.09 -2.96319 0.669525 2.28491 -9.74395
3.1 -2.95635 0.697238 2.37144 -9.7394
3.11 -2.94924 0.726002 2.46142 -9.73449
3.12 -2.94183 0.755858 2.55498 -9.72918
3.13 -2.93412 0.786849 2.65224 -9.72344
3.14 -2.92609 0.819021 2.7533 -9.71724
3.15 -2.91773 0.85242 2.85831 -9.71055
3.16 -2.90904 0.887092 2.96738 -9.70331
3.17 -2.89999 0.923088 3.08064 -9.69549
3.18 -2.89057 0.960458 3.19822 -9.68704
3.19 -2.88077 0.999254 3.32026 -9.67792
3.2 -2.87058 1.03953 3.44689 -9.66807
3.21 -2.85998 1.08134 3.57823 -9.65742
3.22 -2.84895 1.12475 3.71442 -9.64593
3.23 -2.83748 1.1698 3.85559 -9.63353
3.24 -2.82555 1.21657 4.00188 -9.62014
3.25 -2.81314 1.2651 4.1534 -9.60568
3.26 -2.80024 1.31548 4.31028 -9.59008
3.27 -2.78682 1.36775 4.47264 -9.57325
3.28 -2.77288 1.42199 4.6406 -9.55509
3.29 -2.75838 1.47826 4.81425 -9.53551
3.3 -2.74331 1.53664 4.99369 -9.51439
3.31 -2.72764 1.59718 5.179 -9.49162
3.32 -2.71135 1.65997 5.37026 -9.46708
3.33 -2.69443 1.72507 5.56753 -9.44064
3.34 -2.67684 1.79256 5.77082 -9.41215
3.35 -2.65857 1.8625 5.98017 -9.38147
3.36 -2.63959 1.93497 6.19556 -9.34845
3.37 -2.61986 2.01003 6.41695 -9.31291
3.38 -2.59938 2.08777 6.64428 -9.27468
3.39 -2.5781 2.16825 6.87743 -9.23358
3.4 -2.556 2.25154 7.11625 -9.18941
3.41 -2.53306 2.33771 7.36055 -9.14195
3.42 -2.50924 2.42682 7.61008 -9.09101
3.43 -2.48451 2.51892 7.86453 -9.03634
3.44 -2.45885 2.61408 8.12354 -8.97773
3.45 -2.43222 2.71236 8.38664 -8.91492
3.46 -2.40459 2.81378 8.65332 -8.84766
3.47 -2.37593 2.9184 8.92296 -8.77569
3.48 -2.34621 3.02624 9.19486 -8.69876
3.49 -2.3154 3.13733 9.46819 -8.6166
3.5 -2.28346 3.25168 9.74203 -8.52893
3.51 -2.25035 3.36928 10.0153 -8.43549
3.52 -2.21606 3.49013 10.2869 -8.33602
3.53 -2.18054 3.61419 10.5554 -8.23025
3.54 -2.14376 3.74143 10.8193 -8.11794
3.55 -2.1057 3.87177 11.0771 -7.99886
3.56 -2.06632 4.00514 11.3269 -7.8728
3.57 -2.02559 4.14142 11.5668 -7.73957
3.58 -1.98348 4.28049 11.7947 -7.59903
3.59 -1.93997 4.42219 12.0081 -7.45105
3.6 -1.89503 4.56633 12.2047 -7.29557
3.61 -1.84864 4.7127 12.3818 -7.13259
3.62 -1.80077 4.86105 12.5366 -6.96216
3.63 -1.75141 5.01109 12.6662 -6.78441
3.64 -1.70054 5.16251 12.7674 -6.59955
3.65 -1.64816 5.31496 12.8371 -6.40789
3.66 -1.59424 5.46802 12.8721 -6.20983
3.67 -1.53879 5.62128 12.869 -6.00588
3.68 -1.48182 5.77426 12.8247 -5.79669
3.69 -1.42331 5.92646 12.7358 -5.58299
3.7 -1.36329 6.07731 12.5994 -5.3657
3.71 -1.30177 6.22624 12.4125 -5.14581
3.72 -1.23878 6.37263 12.1724 -4.92448
3.73 -1.17433 6.51584 11.8769 -4.703
3.74 -1.10847 6.65519 11.5239 -4.48275
3.75 -1.04124 6.78999 11.1121 -4.26527
3.76 -0.972689 6.91953 10.6405 -4.05216
3.77 -0.902871 7.04309 10.1088 -3.84512
3.78 -0.83185 7.15997 9.51739 -3.64591
3.79 -0.759696 7.26946 8.86746 -3.45633
3.8 -0.686488 7.37088 8.16088 -3.27816
3.81 -0.612308 7.46356 7.40036 -3.11318
3.82 -0.537248 7.54688 6.5894 -2.9631
3.83 -0.461403 7.62026 5.7323 -2.82953
3.84 -0.384877 7.6832 4.83409 -2.71396
3.85 -0.307776 7.73522 3.90054 -2.6177
3.86 -0.23021 7.77595 2.93799 -2.54189
3.87 -0.152295 7.80509 1.95333 -2.48742
3.88 -0.0741481 7.8224 0.953829 -2.45495
3.89 0.00411268 7.82777 -0.0529532 -2.44487
3.9 0.0823672 7.82114 -1.05933 -2.45731
3.91 0.160496 7.80258 -2.05762 -2.49212
3.92 0.238379 7.77221 -3.0403 -2.54887
3.93 0.315901 7.73028 -4.00011 -2.62687
3.94 0.392947 7.67709 -4.93024 -2.72522
3.95 0.469407 7.61304 -5.82438 -2.84274
3.96 0.545173 7.53858 -6.67687 -2.97812
3.97 0.620146 7.45425 -7.48272 -3.12984
3.98 0.694227 7.36062 -8.23772 -3.29629
3.99 0.767329 7.25833 -8.93846 -3.47574
4 0.839367 7.14803 -9.58231 -3.66643
4.01 0.910265 7.03041 -10.1674 -3.86654
4.02 0.979953 6.90618 -10.6928 -4.0743
4.03 1.04837 6.77606 -11.1582 -4.28795
4.04 1.11546 6.64075 -11.5638 -4.5058
4.05 1.18117 6.50096 -11.9106 -4.72624
4.06 1.24546 6.35739 -12.2002 -4.94777
4.07 1.30831 6.2107 -12.4346 -5.169
4.08 1.36967 6.06154 -12.6161 -5.38867
4.09 1.42953 5.91052 -12.7474 -5.60564
4.1 1.48788 5.75822 -12.8314 -5.81889
4.11 1.54469 5.60518 -12.8712 -6.02757
4.12 1.59998 5.45192 -12.8701 -6.23093
4.13 1.65373 5.2989 -12.8314 -6.42834
4.14 1.70596 5.14655 -12.7582 -6.6193
4.15 1.75667 4.99526 -12.6539 -6.80343
4.16 1.80587 4.84538 -12.5215 -6.98042
4.17 1.85358 4.69722 -12.3642 -7.15007
4.18 1.89982 4.55108 -12.185 -7.31226
4.19 1.94461 4.40718 -11.9865 -7.46695
4.2 1.98797 4.26575 -11.7714 -7.61414
4.21 2.02993 4.12697 -11.5422 -7.75392
4.22 2.07052 3.99099 -11.3011 -7.88638
4.23 2.10976 3.85793 -11.0504 -8.0117
4.24 2.14769 3.72791 -10.7919 -8.13006
4.25 2.18433 3.60101 -10.5273 -8.24167
4.26 2.21972 3.47728 -10.2585 -8.34676
4.27 2.25389 3.35677 -9.98666 -8.44559
4.28 2.28687 3.23951 -9.71326 -8.53841
4.29 2.31869 3.1255 -9.43943 -8.62549
4.3 2.34939 3.01476 -9.16621 -8.70709
4.31 2.37899 2.90725 -8.89451 -8.78348
4.32 2.40754 2.80297 -8.62515 -8.85494
4.33 2.43506 2.70188 -8.35881 -8.92172
4.34 2.46159 2.60394 -8.09612 -8.98408
4.35 2.48715 2.5091 -7.83757 -9.04227
4.36 2.51178 2.41731 -7.58362 -9.09653
4.37 2.53551 2.32852 -7.33463 -9.1471
4.38 2.55836 2.24266 -7.09089 -9.1942
4.39 2.58037 2.15967 -6.85266 -9.23804
4.4 2.60157 2.07948 -6.62011 -9.27883
4.41 2.62197 2.00202 -6.39341 -9.31677
4.42 2.64162 1.92723 -6.17265 -9.35203
4.43 2.66052 1.85503 -5.95789 -9.3848
4.44 2.67872 1.78535 -5.74918 -9.41524
4.45 2.69624 1.71812 -5.54651 -9.44351
4.46 2.71309 1.65327 -5.34989 -9.46975
4.47 2.72931 1.59072 -5.15925 -9.49409
4.48 2.74492 1.5304 -4.97456 -9.51668
4.49 2.75993 1.47225 -4.79573 -9.53764
4.5 2.77437 1.4162 -4.62268 -9.55707
4.51 2.78826 1.36217 -4.45532 -9.57508
4.52 2.80162 1.3101 -4.29354 -9.59178
4.53 2.81447 1.25992 -4.13723 -9.60725
4.54 2.82682 1.21157 -3.98626 -9.62159
4.55 2.8387 1.16499 -3.84052 -9.63488
4.56 2.85013 1.12011 -3.69988 -9.64718
4.57 2.86111 1.07687 -3.5642 -9.65858
4.58 2.87167 1.03523 -3.43336 -9.66914
4.59 2.88182 0.995109 -3.30722 -9.67891
4.6 2.89158 0.956465 -3.18566 -9.68796
4.61 2.90096 0.919242 -3.06854 -9.69634
4.62 2.90997 0.883388 -2.95572 -9.7041
4.63 2.91863 0.848851 -2.84709 -9.71127
4.64 2.92695 0.815584 -2.7425 -9.71792
4.65 2.93494 0.783538 -2.64184 -9.72407
4.66 2.94262 0.752668 -2.54498 -9.72976
4.67 2.95 0.722929 -2.4518 -9.73502
4.68 2.95709 0.694277 -2.36219 -9.7399
4.69 2.96389 0.666672 -2.27601 -9.74441
4.7 2.97042 0.640073 -2.19318 -9.74858
4.71 2.97669 0.614441 -2.11356 -9.75244
4.72 2.98271 0.589738 -2.03706 -9.75601
4.73 2.98849 0.565928 -1.96357 -9.75931
4.74 2.99404 0.542975 -1.893 -9.76236
4.75 2.99935 0.520845 -1.82524 -9.76519
4.76 3.00446 0.499506 -1.7602 -9.7678
4.77 3.00935 0.478925 -1.69779 -9.77022
4.78 3.01404 0.459072 -1.63792 -9.77245
4.79 3.01853 0.439917 -1.5805 -9.77452
4.8 3.02284 0.421432 -1.52546 -9.77643
4.81 3.02696 0.403588 -1.47272 -9.77819
4.82 3.03091 0.386358 -1.42219 -9.77983
4.83 3.03469 0.369718 -1.37381 -9.78134
4.84 3.03831 0.35364 -1.3275 -9.78273
4.85 3.04177 0.338102 -1.28321 -9.78402
4.86 3.04507 0.32308 -1.24085 -9.78521
4.87 3.04823 0.308551 -1.20038 -9.78632
4.88 3.05124 0.294492 -1.16172 -9.78733
4.89 3.05412 0.280884 -1.12483 -9.78827
4.9 3.05686 0.267704 -1.08965 -9.78914
4.91 3.05948 0.254933 -1.05612 -9.78994
4.92 3.06196 0.242552 -1.02421 -9.79068
4.93 3.06433 0.230541 -0.993847 -9.79136
4.94 3.06657 0.218883 -0.965002 -9.79199
4.95 3.06871 0.207559 -0.937627 -9.79257
4.96 3.07073 0.196553 -0.911681 -9.7931
4.97 3.07264 0.185847 -0.887126 -9.7936
4.98 3.07444 0.175425 -0.863925 -9.79405
4.99 3.07615 0.165272 -0.842043 -9.79446
5 3.07775 0.155371 -0.821446 -9.79484
5.01 3.07926 0.145709 -0.802104 -9.79519
5.02 3.08067 0.136269 -0.783988 -9.79551
5.03 3.08198 0.127038 -0.767069 -9.7958
5.04 3.08321 0.118001 -0.751324 -9.79607
5.05 3.08434 0.109144 -0.736727 -9.79631
5.06 3.08539 0.100455 -0.723257 -9.79653
5.07 3.08635 0.0919196 -0.710893 -9.79673
5.08 3.08723 0.0835247 -0.699616 -9.7969
5.09 3.08802 0.0752578 -0.689411 -9.79706
5.1 3.08873 0.067106 -0.68026 -9.7972
5.11 3.08937 0.059057 -0.67215 -9.79732
5.12 3.08992 0.0510984 -0.665069 -9.79743
5.13 3.09039 0.043218 -0.659005 -9.79752
5.14 3.09078 0.0354038 -0.653951 -9.79759
5.15 3.0911 0.0276437 -0.649898 -9.79765
5.16 3.09133 0.019926 -0.64684 -9.79769
5.17 3.09149 0.0122389 -0.644772 -9.79772
5.18 3.09158 0.00457042 -0.643691 -9.79774
5.19 3.09159 -0.00309103 -0.643596 -9.79774
5.2 3.09152 -0.0107572 -0.644486 -9.79773
5.21 3.09137 -0.0184399 -0.646364 -9.7977
5.22 3.09115 -0.0261507 -0.64923 -9.79766
5.23 3.09085 -0.0339017 -0.653091 -9.7976
5.24 3.09047 -0.0417045 -0.657951 -9.79753
5.25 3.09001 -0.0495712 -0.663819 -9.79745
5.26 3.08948 -0.0575137 -0.670703 -9.79734
5.27 3.08886 -0.0655444 -0.678613 -9.79722
5.28 3.08817 -0.0736753 -0.687562 -9.79709
5.29 3.08739 -0.0819191 -0.697563 -9.79693
5.3 3.08653 -0.0902882 -0.708632 -9.79676
5.31 3.08558 -0.0987955 -0.720784 -9.79657
5.32 3.08455 -0.107454 -0.734039 -9.79635
5.33 3.08343 -0.116277 -0.748417 -9.79612
5.34 3.08223 -0.125278 -0.763939 -9.79586
5.35 3.08093 -0.134471 -0.780629 -9.79557
5.36 3.07954 -0.143869 -0.798512 -9.79526
5.37 3.07805 -0.153488 -0.817615 -9.79491
5.38 3.07646 -0.163341 -0.837967 -9.79454
5.39 3.07478 -0.173444 -0.859599 -9.79413
5.4 3.073 -0.183813 -0.882543 -9.79369
5.41 3.0711 -0.194463 -0.906833 -9.7932
5.42 3.0691 -0.20541 -0.932507 -9.79268
5.43 3.06699 -0.216671 -0.959603 -9.79211
5.44 3.06477 -0.228263 -0.988161 -9.79149
5.45 3.06243 -0.240205 -1.01823 -9.79082
5.46 3.05997 -0.252513 -1.04984 -9.79009
5.47 3.05738 -0.265207 -1.08305 -9.7893
5.48 3.05466 -0.278306 -1.11791 -9.78845
5.49 3.05181 -0.291831 -1.15446 -9.78752
5.5 3.04882 -0.305801 -1.19277 -9.78652
5.51 3.04569 -0.320237 -1.23289 -9.78543
5.52 3.04242 -0.335163 -1.27488 -9.78426
5.53 3.03899 -0.350599 -1.3188 -9.78299
5.54 3.0354 -0.36657 -1.36471 -9.78162
5.55 3.03165 -0.3831 -1.41269 -9.78013
5.56 3.02774 -0.400214 -1.46279 -9.77852
5.57 3.02365 -0.417938 -1.5151 -9.77678
5.58 3.01938 -0.436297 -1.56969 -9.7749
5.59 3.01492 -0.455321 -1.62664 -9.77286
5.6 3.01027 -0.475036 -1.68603 -9.77066
5.61 3.00542 -0.495474 -1.74795 -9.76828
5.62 3.00036 -0.516665 -1.81247 -9.76571
5.63 2.99508 -0.538639 -1.8797 -9.76292
5.64 2.98958 -0.56143 -1.94972 -9.75992
5.65 2.98385 -0.585073 -2.02264 -9.75666
5.66 2.97788 -0.6096 -2.09855 -9.75315
5.67 2.97165 -0.63505 -2.17756 -9.74935
5.68 2.96517 -0.66146 -2.25976 -9.74524
5.69 2.95842 -0.688867 -2.34528 -9.7408
5.7 2.95139 -0.717313 -2.43423 -9.736
5.71 2.94407 -0.746839 -2.52671 -9.73081
5.72 2.93645 -0.777488 -2.62285 -9.7252
5.73 2.92852 -0.809303 -2.72276 -9.71914
5.74 2.92026 -0.842331 -2.82658 -9.7126
5.75 2.91167 -0.876618 -2.93443 -9.70552
5.76 2.90272 -0.912215 -3.04642 -9.69788
5.77 2.89342 -0.949169 -3.16271 -9.68963
5.78 2.88374 -0.987535 -3.2834 -9.68071
5.79 2.87366 -1.02736 -3.40864 -9.67108
5.8 2.86318 -1.06871 -3.53857 -9.66068
5.81 2.85228 -1.11163 -3.6733 -9.64945
5.82 2.84095 -1.15619 -3.81297 -9.63733
5.83 2.82915 -1.20244 -3.95772 -9.62424
5.84 2.81689 -1.25044 -4.10767 -9.61011
5.85 2.80414 -1.30026 -4.26294 -9.59486
5.86 2.79088 -1.35196 -4.42366 -9.5784
5.87 2.77709 -1.40561 -4.58993 -9.56065
5.88 2.76276 -1.46127 -4.76187 -9.5415
5.89 2.74786 -1.51901 -4.93958 -9.52085
5.9 2.73237 -1.5789 -5.12313 -9.49859
5.91 2.71627 -1.64101 -5.31261 -9.47459
5.92 2.69954 -1.70542 -5.50808 -9.44873
5.93 2.68216 -1.77218 -5.70958 -9.42086
5.94 2.66409 -1.84138 -5.91712 -9.39086
5.95 2.64532 -1.91309 -6.13071 -9.35855
5.96 2.62582 -1.98738 -6.35032 -9.32378
5.97 2.60557 -2.06431 -6.57589 -9.28637
5.98 2.58453 -2.14397 -6.80731 -9.24615
5.99 2.56268 -2.22641 -7.04446 -9.20291
6 2.53999 -2.31171 -7.28715 -9.15646
6.01 2.51643 -2.39994 -7.53515 -9.10658
6.02 2.49198 -2.49114 -7.78817 -9.05304
6.03 2.4666 -2.58539 -8.04586 -8.99563
6.04 2.44026 -2.68273 -8.3078 -8.9341
6.05 2.41294 -2.78321 -8.57347 -8.86819
6.06 2.38459 -2.88687 -8.8423 -8.79766
6.07 2.35519 -2.99375 -9.11361 -8.72224
6.08 2.3247 -3.10387 -9.3866 -8.64166
6.09 2.2931 -3.21724 -9.66039 -8.55566
6.1 2.26035 -3.33388 -9.93396 -8.46397
6.11 2.22641 -3.45376 -10.2062 -8.36632
6.12 2.19126 -3.57687 -10.4757 -8.26246
6.13 2.15486 -3.70317 -10.7412 -8.15213
6.14 2.11719 -3.83259 -11.001 -8.03509
6.15 2.0782 -3.96507 -11.2534 -7.91113
6.16 2.03788 -4.10049 -11.4965 -7.78006
6.17 1.99618 -4.23875 -11.7281 -7.6417
6.18 1.95309 -4.37968 -11.9461 -7.49595
6.19 1.90858 -4.52311 -12.148 -7.34271
6.2 1.86262 -4.66884 -12.3312 -7.18197
6.21 1.8152 -4.81663 -12.493 -7.01375
6.22 1.76628 -4.9662 -12.6304 -6.83816
6.23 1.71587 -5.11724 -12.7404 -6.6554
6.24 1.66393 -5.26942 -12.8198 -6.46572
6.25 1.61048 -5.42234 -12.8655 -6.26952
6.26 1.55549 -5.57559 -12.8741 -6.06727
6.27 1.49896 -5.72871 -12.8424 -5.85956
6.28 1.44091 -5.88119 -12.7672 -5.64713
6.29 1.38134 -6.03251 -12.6452 -5.4308
6.3 1.32027 -6.18207 -12.4737 -5.21157
6.31 1.25771 -6.32929 -12.2497 -4.99055
6.32 1.19369 -6.47352 -11.9709 -4.76897
6.33 1.12825 -6.61409 -11.6353 -4.5482
6.34 1.06143 -6.75031 -11.2411 -4.32973
6.35 0.993263 -6.8815 -10.7874 -4.11514
6.36 0.923816 -7.00692 -10.2736 -3.90611
6.37 0.853147 -7.12587 -9.6999 -3.70438
6.38 0.781323 -7.23763 -9.06726 -3.51174
6.39 0.70842 -7.34153 -8.37733 -3.32998
6.4 0.634521 -7.43688 -7.63256 -3.16088
6.41 0.559713 -7.52305 -6.83623 -3.00619
6.42 0.484092 -7.59945 -5.99238 -2.86753
6.43 0.407759 -7.66556 -5.10586 -2.74645
6.44 0.330817 -7.72088 -4.18221 -2.64431
6.45 0.253378 -7.76501 -3.22761 -2.5623
6.46 0.175556 -7.79763 -2.24879 -2.50138
6.47 0.0974651 -7.81848 -1.25294 -2.4623
6.48 0.0192256 -7.82742 -0.247526 -2.44552
6.49 -0.0590434 -7.82437 0.759778 -2.45125
6.5 -0.137222 -7.80935 1.76128 -2.47942
6.51 -0.215191 -7.78249 2.74938 -2.52969
6.52 -0.292833 -7.74398 3.71675 -2.60144
6.53 -0.370033 -7.6941 4.65642 -2.69383
6.54 -0.446678 -7.63324 5.56191 -2.80577
6.55 -0.522662 -7.56184 6.42737 -2.93598
6.56 -0.597882 -7.48039 7.2476 -3.08299
6.57 -0.672238 -7.38947 8.01815 -3.24522
6.58 -0.745641 -7.28969 8.73538 -3.42098
6.59 -0.818005 -7.18171 9.39642 -3.60851
6.6 -0.889251 -7.0662 9.99921 -3.806
6.61 -0.959306 -6.94387 10.5425 -4.01166
6.62 -1.02811 -6.81543 11.0257 -4.22373
6.63 -1.0956 -6.68159 11.449 -4.4405
6.64 -1.16172 -6.54307 11.8133 -4.66033
6.65 -1.22644 -6.40055 12.1198 -4.88169
6.66 -1.28972 -6.25472 12.3704 -5.10315
6.67 -1.35153 -6.10623 12.5673 -5.32341
6.68 -1.41184 -5.9557 12.7133 -5.54129
6.69 -1.47064 -5.80373 12.8111 -5.75575
6.7 -1.52791 -5.65086 12.8638 -5.96588
6.71 -1.58366 -5.49761 12.8746 -6.17089
6.72 -1.63787 -5.34447 12.8467 -6.37013
6.73 -1.69055 -5.19188 12.7834 -6.56307
6.74 -1.74171 -5.04023 12.688 -6.74927
6.75 -1.79136 -4.8899 12.5637 -6.92841
6.76 -1.83951 -4.7412 12.4136 -7.10026
6.77 -1.88619 -4.59443 12.2405 -7.26469
6.78 -1.93141 -4.44984 12.0475 -7.42161
6.79 -1.97519 -4.30765 11.8371 -7.57104
6.8 -2.01757 -4.16806 11.6118 -7.71301
6.81 -2.05856 -4.03123 11.3741 -7.84764
6.82 -2.0982 -3.89729 11.126 -7.97508
6.83 -2.13652 -3.76636 10.8696 -8.09549
6.84 -2.17354 -3.63851 10.6067 -8.20909
6.85 -2.2093 -3.51383 10.339 -8.3161
6.86 -2.24383 -3.39236 10.0679 -8.41677
6.87 -2.27716 -3.27413 9.79487 -8.51135
6.88 -2.30932 -3.15915 9.52105 -8.60011
6.89 -2.34035 -3.04744 9.24755 -8.68332
6.9 -2.37028 -2.93897 8.97531 -8.76124
6.91 -2.39914 -2.83373 8.70517 -8.83414
6.92 -2.42696 -2.73169 8.43787 -8.90228
6.93 -2.45378 -2.63281 8.17403 -8.96593
6.94 -2.47963 -2.53706 7.9142 -9.02534
6.95 -2.50454 -2.44436 7.65884 -9.08075
6.96 -2.52853 -2.35468 7.40833 -9.1324
6.97 -2.55164 -2.26795 7.163 -9.18051
6.98 -2.5739 -2.18411 6.9231 -9.2253
6.99 -2.59533 -2.1031 6.68884 -9.26698
7 -2.61597 -2.02483 6.46038 -9.30575
7.01 -2.63584 -1.94925 6.23784 -9.34179
7.02 -2.65496 -1.87629 6.02129 -9.37528
7.03 -2.67337 -1.80587 5.81077 -9.4064
7.04 -2.69109 -1.73791 5.60631 -9.4353
7.05 -2.70814 -1.67236 5.40788 -9.46213
7.06 -2.72454 -1.60913 5.21547 -9.48702
7.07 -2.74033 -1.54816 5.02901 -9.51013
7.08 -2.75551 -1.48937 4.84844 -9.53155
7.09 -2.77012 -1.43269 4.67368 -9.55143
7.1 -2.78417 -1.37807 4.50463 -9.56985
7.11 -2.79769 -1.32542 4.3412 -9.58693
7.12 -2.81069 -1.27468 4.18327 -9.60276
7.13 -2.82319 -1.2258 4.03072 -9.61743
7.14 -2.83521 -1.17869 3.88343 -9.63102
7.15 -2.84677 -1.13331 3.74128 -9.64361
7.16 -2.85788 -1.0896 3.60414 -9.65527
7.17 -2.86857 -1.04748 3.47187 -9.66607
7.18 -2.87884 -1.00691 3.34435 -9.67607
7.19 -2.88871 -0.967836 3.22143 -9.68534
7.2 -2.8982 -0.930195 3.103 -9.69391
7.21 -2.90732 -0.893937 2.98891 -9.70184
7.22 -2.91608 -0.859013 2.87905 -9.70919
7.23 -2.9245 -0.825372 2.77327 -9.71599
7.24 -2.93259 -0.792967 2.67145 -9.72228
7.25 -2.94037 -0.761751 2.57347 -9.72811
7.26 -2.94783 -0.731679 2.47921 -9.7335
7.27 -2.955 -0.702708 2.38854 -9.73848
7.28 -2.96189 -0.674796 2.30135 -9.7431
7.29 -2.9685 -0.647901 2.21753 -9.74737
7.3 -2.97485 -0.621984 2.13697 -9.75132
7.31 -2.98095 -0.597008 2.05955 -9.75497
7.32 -2.98679 -0.572935 1.98518 -9.75835
7.33 -2.99241 -0.54973 1.91374 -9.76148
7.34 -2.99779 -0.527359 1.84515 -9.76437
7.35 -3.00296 -0.505787 1.77931 -9.76704
7.36 -3.00791 -0.484984 1.71613 -9.76951
7.37 -3.01266 -0.464917 1.65551 -9.7718
7.38 -3.01721 -0.445557 1.59737 -9.77392
7.39 -3.02157 -0.426875 1.54163 -9.77587
7.4 -3.02575 -0.408842 1.48821 -9.77768
7.41 -3.02975 -0.391432 1.43703 -9.77935
7.42 -3.03358 -0.374619 1.38802 -9.7809
7.43 -3.03725 -0.358376 1.3411 -9.78233
7.44 -3.04075 -0.34268 1.29621 -9.78365
7.45 -3.0441 -0.327506 1.25328 -9.78487
7.46 -3.0473 -0.312832 1.21225 -9.786
7.47 -3.05036 -0.298636 1.17306 -9.78704
7.48 -3.05328 -0.284895 1.13565 -9.788
7.49 -3.05606 -0.27159 1.09996 -9.78889
7.5 -3.05871 -0.258699 1.06595 -9.78971
7.51 -3.06123 -0.246203 1.03356 -9.79047
7.52 -3.06363 -0.234084 1.00274 -9.79116
7.53 -3.06592 -0.222323 0.973447 -9.79181
7.54 -3.06808 -0.210901 0.945638 -9.7924
7.55 -3.07014 -0.199802 0.91927 -9.79295
7.56 -3.07208 -0.189008 0.894305 -9.79345
7.57 -3.07392 -0.178503 0.870704 -9.79392
7.58 -3.07565 -0.168272 0.848432 -9.79434
7.59 -3.07728 -0.158298 0.827455 -9.79473
7.6 -3.07882 -0.148565 0.807742 -9.79509
7.61 -3.08026 -0.139061 0.789263 -9.79542
7.62 -3.0816 -0.129769 0.771991 -9.79572
7.63 -3.08285 -0.120675 0.755898 -9.79599
7.64 -3.08401 -0.111767 0.740961 -9.79624
7.65 -3.08509 -0.103029 0.727157 -9.79647
7.66 -3.08607 -0.0944488 0.714465 -9.79667
7.67 -3.08698 -0.0860134 0.702867 -9.79685
7.68 -3.0878 -0.0777096 0.692343 -9.79702
7.69 -3.08853 -0.0695248 0.682879 -9.79716
7.7 -3.08919 -0.0614465 0.674461 -9.79729
7.71 -3.08976 -0.0534622 0.667074 -9.7974
7.72 -3.09026 -0.0455597 0.660708 -9.79749
7.73 -3.09067 -0.037727 0.655354 -9.79757
7.74 -3.09101 -0.029952 0.651003 -9.79763
7.75 -3.09127 -0.022223 0.647649 -9.79768
7.76 -3.09145 -0.0145279 0.645286 -9.79771
7.77 -3.09156 -0.00685507 0.643912 -9.79773
7.78 -3.09159 0.000807251 0.643523 -9.79774
7.79 -3.09155 0.00847081 0.644119 -9.79773
7.8 -3.09142 0.0161473 0.645702 -9.79771
7.81 -3.09122 0.0238486 0.648273 -9.79767
7.82 -3.09095 0.0315864 0.651837 -9.79762
7.83 -3.09059 0.0393725 0.656399 -9.79755
7.84 -3.09016 0.0472189 0.661965 -9.79747
7.85 -3.08965 0.0551376 0.668545 -9.79738
7.86 -3.08905 0.0631407 0.676149 -9.79726
7.87 -3.08838 0.0712405 0.684787 -9.79713
7.88 -3.08763 0.0794493 0.694472 -9.79698
7.89 -3.08679 0.0877797 0.705221 -9.79682
7.9 -3.08587 0.0962446 0.717049 -9.79663
7.91 -3.08487 0.104857 0.729973 -9.79642
7.92 -3.08378 0.113629 0.744014 -9.79619
7.93 -3.08259 0.122576 0.759193 -9.79594
7.94 -3.08132 0.13171 0.775532 -9.79566
7.95 -3.07996 0.141046 0.793056 -9.79535
7.96 -3.0785 0.150597 0.811793 -9.79502
7.97 -3.07695 0.160379 0.83177 -9.79465
7.98 -3.07529 0.170406 0.853017 -9.79426
7.99 -3.07354 0.180694 0.875566 -9.79382
8 -3.07168 0.191258 0.899451 -9.79335
8.01 -3.06971 0.202115 0.924709 -9.79284
8.02 -3.06764 0.213281 0.951377 -9.79228
8.03 -3.06545 0.224773 0.979495 -9.79168
8.04 -3.06314 0.236608 1.00911 -9.79102
8.05 -3.06071 0.248805 1.04025 -9.79031
8.06 -3.05816 0.261382 1.07298 -9.78954
8.07 -3.05548 0.274359 1.10734 -9.78871
8.08 -3.05267 0.287754 1.14339 -9.7878
8.09 -3.04973 0.301589 1.18117 -9.78683
8.1 -3.04664 0.315884 1.22074 -9.78577
8.11 -3.04341 0.330662 1.26217 -9.78462
8.12 -3.04002 0.345944 1.3055 -9.78338
8.13 -3.03649 0.361753 1.35081 -9.78204
8.14 -3.03279 0.378114 1.39817 -9.78058
8.15 -3.02892 0.395051 1.44763 -9.77901
8.16 -3.02488 0.41259 1.49928 -9.77731
8.17 -3.02067 0.430757 1.55318 -9.77547
8.18 -3.01627 0.44958 1.60942 -9.77349
8.19 -3.01167 0.469086 1.66807 -9.77133
8.2 -3.00688 0.489306 1.72923 -9.76901
8.21 -3.00189 0.510268 1.79296 -9.7665
8.22 -2.99668 0.532006 1.85938 -9.76378
8.23 -2.99124 0.55455 1.92856 -9.76084
8.24 -2.98558 0.577935 2.0006 -9.75766
8.25 -2.97968 0.602195 2.07561 -9.75422
8.26 -2.97353 0.627367 2.15368 -9.75051
8.27 -2.96713 0.653486 2.23492 -9.74649
8.28 -2.96046 0.680592 2.31944 -9.74216
8.29 -2.95352 0.708724 2.40735 -9.73747
8.3 -2.94628 0.737924 2.49877 -9.7324
8.31 -2.93875 0.768233 2.59381 -9.72692
8.32 -2.93092 0.799696 2.69258 -9.721
8.33 -2.92276 0.832358 2.79523 -9.7146
8.34 -2.91426 0.866265 2.90186 -9.70769
8.35 -2.90543 0.901466 3.0126 -9.70022
8.36 -2.89623 0.93801 3.12759 -9.69216
8.37 -2.88666 0.97595 3.24696 -9.68344
8.38 -2.87671 1.01534 3.37084 -9.67403
8.39 -2.86635 1.05623 3.49935 -9.66387
8.4 -2.85558 1.09867 3.63263 -9.65289
8.41 -2.84437 1.14274 3.77082 -9.64104
8.42 -2.83272 1.18848 3.91404 -9.62824
8.43 -2.8206 1.23595 4.06243 -9.61443
8.44 -2.80799 1.28522 4.2161 -9.59952
8.45 -2.79488 1.33635 4.37518 -9.58344
8.46 -2.78126 1.38941 4.53979 -9.56608
8.47 -2.76709 1.44447 4.71003 -9.54736
8.48 -2.75236 1.50158 4.88601 -9.52717
8.49 -2.73705 1.56082 5.06781 -9.5054
8.5 -2.72114 1.62227 5.25552 -9.48193
8.51 -2.7046 1.68598 5.4492 -9.45664
8.52 -2.68741 1.75203 5.64889 -9.42939
8.53 -2.66955 1.8205 5.85463 -9.40003
8.54 -2.65099 1.89145 6.06642 -9.36843
8.55 -2.63171 1.96496 6.28424 -9.33441
8.56 -2.61168 2.0411 6.50804 -9.29781
8.57 -2.59088 2.11994 6.73773 -9.25844
8.58 -2.56928 2.20155 6.97319 -9.21612
8.59 -2.54684 2.28599 7.21425 -9.17065
8.6 -2.52355 2.37334 7.4607 -9.12181
8.61 -2.49936 2.46365 7.71226 -9.06939
8.62 -2.47426 2.55698 7.9686 -9.01316
8.63 -2.44821 2.65339 8.22931 -8.95288
8.64 -2.42119 2.75293 8.49393 -8.8883
8.65 -2.39315 2.85564 8.76189 -8.81918
8.66 -2.36406 2.96156 9.03253 -8.74524
8.67 -2.3339 3.07071 9.30511 -8.66623
8.68 -2.30264 3.18311 9.57877 -8.58188
8.69 -2.27023 3.29878 9.85252 -8.49191
8.7 -2.23665 3.41769 10.1253 -8.39607
8.71 -2.20187 3.53984 10.3957 -8.29408
8.72 -2.16584 3.6652 10.6626 -8.1857
8.73 -2.12855 3.79369 10.9243 -8.07069
8.74 -2.08996 3.92527 11.1791 -7.94881
8.75 -2.05004 4.05983 11.4251 -7.81988
8.76 -2.00875 4.19725 11.6604 -7.68371
8.77 -1.96608 4.33741 11.8827 -7.54017
8.78 -1.922 4.48012 12.0897 -7.38917
8.79 -1.87647 4.62519 12.2788 -7.23066
8.8 -1.82949 4.77239 12.4472 -7.06466
8.81 -1.78102 4.92145 12.5922 -6.89125
8.82 -1.73105 5.07209 12.7106 -6.7106
8.83 -1.67957 5.22397 12.7995 -6.52296
8.84 -1.62657 5.37671 12.8556 -6.32865
8.85 -1.57204 5.52991 12.8756 -6.12815
8.86 -1.51597 5.68312 12.8563 -5.922
8.87 -1.45837 5.83585 12.7943 -5.71089
8.88 -1.39926 5.98757 12.6867 -5.49563
8.89 -1.33863 6.13772 12.5302 -5.27715
8.9 -1.27651 6.2857 12.3221 -5.05654
8.91 -1.21292 6.43088 12.0599 -4.83499
8.92 -1.1479 6.57262 11.7414 -4.61383
8.93 -1.08149 6.71021 11.3648 -4.39451
8.94 -1.01372 6.84297 10.9289 -4.17859
8.95 -0.944645 6.97018 10.433 -3.96773
8.96 -0.874333 7.09114 9.87709 -3.76364
8.97 -0.802845 7.20512 9.26189 -3.5681
8.98 -0.730256 7.31143 8.58882 -3.3829
8.99 -0.656645 7.40939 7.86009 -3.20985
9 -0.582098 7.49836 7.07873 -3.05069
9.01 -0.506709 7.57774 6.24857 -2.90709
9.02 -0.430577 7.64696 5.37423 -2.78062
9.03 -0.353805 7.70554 4.46102 -2.6727
9.04 -0.276503 7.75305 3.51496 -2.58457
9.05 -0.198783 7.78913 2.54263 -2.51728
9.06 -0.12076 7.81351 1.55108 -2.47163
9.07 -0.0425521 7.82601 0.547719 -2.44817
9.08 0.0357206 7.82653 -0.459828 -2.44718
9.09 0.113939 7.81508 -1.46386 -2.46869
9.1 0.191982 7.79172 -2.45674 -2.51242
9.11 0.269734 7.75666 -3.43103 -2.57785
9.12 0.347077 7.71013 -4.37966 -2.6642
9.13 0.4239 7.65251 -5.29598 -2.77044
9.14 0.500092 7.58419 -6.17394 -2.89534
9.15 0.57555 7.50568 -7.00815 -3.03751
9.16 0.650173 7.41752 -7.79393 -3.19538
9.17 0.72387 7.32032 -8.52739 -3.36729
9.18 0.796552 7.21471 -9.20542 -3.55149
9.19 0.868138 7.10137 -9.82574 -3.7462
9.2 0.938556 6.981 -10.3868 -3.94962
9.21 1.00774 6.8543 -10.888 -4.15996
9.22 1.07562 6.722 -11.3291 -4.3755
9.23 1.14216 6.5848 -11.7108 -4.59459
9.24 1.20731 6.4434 -12.0343 -4.81565
9.25 1.27102 6.29849 -12.3014 -5.03722
9.26 1.33327 6.15073 -12.5141 -5.25796
9.27 1.39402 6.00074 -12.675 -5.47667
9.28 1.45327 5.84914 -12.7868 -5.69225
9.29 1.511 5.69648 -12.8526 -5.90376
9.3 1.5672 5.54329 -12.8755 -6.11037
9.31 1.62187 5.39007 -12.8588 -6.31139
9.32 1.67501 5.23727 -12.8058 -6.50625
9.33 1.72662 5.08531 -12.7196 -6.6945
9.34 1.77672 4.93454 -12.6036 -6.87577
9.35 1.82531 4.78533 -12.4608 -7.04982
9.36 1.87243 4.63795 -12.2943 -7.21647
9.37 1.91808 4.49269 -12.107 -7.37563
9.38 1.96229 4.34976 -11.9015 -7.52729
9.39 2.00508 4.20938 -11.6804 -7.67147
9.4 2.04649 4.07171 -11.4461 -7.80828
9.41 2.08653 3.9369 -11.2009 -7.93784
9.42 2.12523 3.80506 -10.9468 -8.06032
9.43 2.16264 3.67629 -10.6857 -8.17593
9.44 2.19877 3.55066 -10.4192 -8.28488
9.45 2.23366 3.42823 -10.149 -8.38741
9.46 2.26735 3.30903 -9.87638 -8.48378
9.47 2.29985 3.19308 -9.60267 -8.57425
9.48 2.33122 3.08039 -9.32897 -8.65908
9.49 2.36147 2.97096 -9.05626 -8.73855
9.5 2.39065 2.86476 -8.78542 -8.81292
9.51 2.41878 2.76177 -8.5172 -8.88246
9.52 2.44589 2.66195 -8.25227 -8.94742
9.53 2.47203 2.56527 -7.99119 -9.00807
9.54 2.49721 2.47167 -7.73445 -9.06464
9.55 2.52147 2.3811 -7.48246 -9.11738
9.56 2.54484 2.2935 -7.23556 -9.16652
9.57 2.56735 2.2088 -6.99401 -9.21228
9.58 2.58903 2.12695 -6.75806 -9.25487
9.59 2.6099 2.04787 -6.52786 -9.29449
9.6 2.62999 1.9715 -6.30354 -9.33132
9.61 2.64934 1.89777 -6.0852 -9.36556
9.62 2.66796 1.82659 -5.87288 -9.39737
9.63 2.68588 1.75791 -5.66661 -9.42691
9.64 2.70312 1.69165 -5.46639 -9.45434
9.65 2.71972 1.62774 -5.27219 -9.4798
9.66 2.73569 1.5661 -5.08396 -9.50342
9.67 2.75105 1.50667 -4.90164 -9.52534
9.68 2.76583 1.44937 -4.72516 -9.54566
9.69 2.78004 1.39414 -4.55442 -9.56451
9.7 2.79372 1.34091 -4.38933 -9.58198
9.71 2.80687 1.28961 -4.22977 -9.59817
9.72 2.81951 1.24018 -4.07563 -9.61318
9.73 2.83168 1.19255 -3.92679 -9.62708
9.74 2.84337 1.14666 -3.78312 -9.63996
9.75 2.85462 1.10245 -3.6445 -9.65189
9.76 2.86543 1.05987 -3.51079 -9.66294
9.77 2.87582 1.01885 -3.38187 -9.67317
9.78 2.88581 0.979329 -3.25759 -9.68265
9.79 2.89541 0.941266 -3.13784 -9.69142
9.8 2.90464 0.904602 -3.02247 -9.69954
9.81 2.91351 0.869285 -2.91136 -9.70706
9.82 2.92203 0.835267 -2.80437 -9.71402
9.83 2.93022 0.802499 -2.70139 -9.72046
9.84 2.93808 0.770933 -2.60228 -9.72642
9.85 2.94564 0.740525 -2.50692 -9.73193
9.86 2.9529 0.71123 -2.41519 -9.73704
9.87 2.95987 0.683006 -2.32698 -9.74176
9.88 2.96656 0.655812 -2.24217 -9.74613
9.89 2.97299 0.629608 -2.16064 -9.75017
9.9 2.97916 0.604356 -2.0823 -9.75391
9.91 2.98508 0.580017 -2.00703 -9.75737
9.92 2.99076 0.556558 -1.93473 -9.76057
9.93 2.99621 0.533941 -1.8653 -9.76353
9.94 3.00144 0.512135 -1.79865 -9.76627
9.95 3.00646 0.491105 -1.73469 -9.7688
9.96 3.01126 0.470822 -1.67331 -9.77114
9.97 3.01587 0.451255 -1.61444 -9.7733
9.98 3.02029 0.432373 -1.558 -9.77531
9.99 3.02452 0.41415 -1.50389 -9.77716
10 3.02858 0.396558 -1.45205 -9.77887
