0 3.09159 0 -4.34362 -8.83339
0.01 3.09155 -0.00766282 -4.34402 -8.83323
0.02 3.09144 -0.0153374 -4.34521 -8.83276
0.03 3.09125 -0.0230354 -4.3472 -8.83197
0.04 3.09098 -0.0307687 -4.34998 -8.83086
0.05 3.09063 -0.0385491 -4.35358 -8.82943
0.06 3.09021 -0.0463886 -4.35797 -8.82768
0.07 3.0897 -0.054299 -4.36319 -8.82561
0.08 3.08912 -0.0622926 -4.36922 -8.8232
0.09 3.08846 -0.0703816 -4.37609 -8.82046
0.1 3.08771 -0.0785783 -4.3838 -8.81738
0.11 3.08689 -0.0868952 -4.39236 -8.81396
0.12 3.08597 -0.0953452 -4.40178 -8.81018
0.13 3.08498 -0.103941 -4.41208 -8.80605
0.14 3.0839 -0.112696 -4.42327 -8.80155
0.15 3.08272 -0.121624 -4.43537 -8.79668
0.16 3.08146 -0.130737 -4.44839 -8.79142
0.17 3.08011 -0.140051 -4.46236 -8.78576
0.18 3.07866 -0.149579 -4.47729 -8.77971
0.19 3.07712 -0.159336 -4.4932 -8.77323
0.2 3.07547 -0.169336 -4.51012 -8.76633
0.21 3.07373 -0.179596 -4.52807 -8.75898
0.22 3.07188 -0.19013 -4.54707 -8.75118
0.23 3.06993 -0.200955 -4.56715 -8.7429
0.24 3.06786 -0.212088 -4.58835 -8.73414
0.25 3.06568 -0.223544 -4.61068 -8.72487
0.26 3.06339 -0.235342 -4.63417 -8.71508
0.27 3.06097 -0.2475 -4.65887 -8.70474
0.28 3.05844 -0.260037 -4.68481 -8.69384
0.29 3.05577 -0.27297 -4.71201 -8.68236
0.3 3.05298 -0.28632 -4.74052 -8.67026
0.31 3.05004 -0.300108 -4.77037 -8.65753
0.32 3.04697 -0.314354 -4.8016 -8.64414
0.33 3.04376 -0.329079 -4.83426 -8.63007
0.34 3.04039 -0.344306 -4.86838 -8.61527
0.35 3.03687 -0.360059 -4.90402 -8.59973
0.36 3.03319 -0.376361 -4.94121 -8.58341
0.37 3.02934 -0.393236 -4.98001 -8.56627
0.38 3.02532 -0.41071 -5.02046 -8.54828
0.39 3.02112 -0.428809 -5.06261 -8.5294
0.4 3.01674 -0.447562 -5.10652 -8.50959
0.41 3.01217 -0.466994 -5.15223 -8.4888
0.42 3.0074 -0.487137 -5.19981 -8.46699
0.43 3.00242 -0.50802 -5.24931 -8.44412
0.44 2.99724 -0.529674 -5.30079 -8.42012
0.45 2.99183 -0.552132 -5.3543 -8.39495
0.46 2.98619 -0.575427 -5.40991 -8.36855
0.47 2.98032 -0.599593 -5.46768 -8.34086
0.48 2.9742 -0.624666 -5.52767 -8.31182
0.49 2.96782 -0.650684 -5.58994 -8.28135
0.5 2.96118 -0.677684 -5.65456 -8.2494
0.51 2.95426 -0.705706 -5.72159 -8.21587
0.52 2.94706 -0.734791 -5.79109 -8.1807
0.53 2.93956 -0.764981 -5.86314 -8.1438
0.54 2.93176 -0.79632 -5.93779 -8.10509
0.55 2.92363 -0.828853 -6.01511 -8.06446
0.56 2.91518 -0.862626 -6.09516 -8.02182
0.57 2.90638 -0.897688 -6.17801 -7.97708
0.58 2.89722 -0.934088 -6.26372 -7.93011
0.59 2.88769 -0.971878 -6.35233 -7.8808
0.6 2.87778 -1.01111 -6.44392 -7.82904
0.61 2.86746 -1.05184 -6.53853 -7.7747
0.62 2.85673 -1.09412 -6.6362 -7.71764
0.63 2.84557 -1.13801 -6.73699 -7.65771
0.64 2.83397 -1.18357 -6.84093 -7.59478
0.65 2.8219 -1.23085 -6.94804 -7.52868
0.66 2.80934 -1.27993 -7.05836 -7.45926
0.67 2.79629 -1.33087 -7.17189 -7.38634
0.68 2.78272 -1.38372 -7.28864 -7.30973
0.69 2.76861 -1.43856 -7.4086 -7.22926
0.7 2.75394 -1.49545 -7.53174 -7.14472
0.71 2.7387 -1.55447 -7.65803 -7.05591
0.72 2.72285 -1.61567 -7.78741 -6.96262
0.73 2.70637 -1.67914 -7.9198 -6.86462
0.74 2.68926 -1.74495 -8.05511 -6.76168
0.75 2.67147 -1.81316 -8.19322 -6.65356
0.76 2.65298 -1.88384 -8.33397 -6.54002
0.77 2.63378 -1.95708 -8.47719 -6.4208
0.78 2.61383 -2.03294 -8.62265 -6.29565
0.79 2.59311 -2.11149 -8.77011 -6.16428
0.8 2.5716 -2.1928 -8.91927 -6.02645
0.81 2.54925 -2.27694 -9.06979 -5.88186
0.82 2.52605 -2.36398 -9.22128 -5.73024
0.83 2.50196 -2.45397 -9.3733 -5.57132
0.84 2.47696 -2.54698 -9.52534 -5.40483
0.85 2.45101 -2.64307 -9.67684 -5.23049
0.86 2.42409 -2.74228 -9.82714 -5.04805
0.87 2.39615 -2.84465 -9.97554 -4.85726
0.88 2.36718 -2.95023 -10.1212 -4.65789
0.89 2.33714 -3.05904 -10.2634 -4.44974
0.9 2.30599 -3.17109 -10.4009 -4.23261
0.91 2.27371 -3.28641 -10.5329 -4.00636
0.92 2.24025 -3.40499 -10.658 -3.77087
0.93 2.20559 -3.5268 -10.775 -3.5261
0.94 2.1697 -3.65182 -10.8826 -3.27202
0.95 2.13255 -3.77999 -10.9792 -3.0087
0.96 2.09409 -3.91124 -11.0632 -2.73627
0.97 2.05431 -4.04549 -11.1329 -2.45495
0.98 2.01318 -4.18262 -11.1864 -2.16504
0.99 1.97065 -4.32249 -11.2219 -1.86697
1 1.92672 -4.46494 -11.2372 -1.56129
1.01 1.88135 -4.60977 -11.2303 -1.24865
1.02 1.83451 -4.75676 -11.1989 -0.929878
1.03 1.7862 -4.90564 -11.1407 -0.605943
1.04 1.7364 -5.05613 -11.0536 -0.277976
1.05 1.68508 -5.20789 -10.9351 0.0527132
1.06 1.63224 -5.36056 -10.783 0.384635
1.07 1.57786 -5.51374 -10.5952 0.716112
1.08 1.52196 -5.66696 -10.3693 1.04528
1.09 1.46453 -5.81976 -10.1036 1.37009
1.1 1.40557 -5.97162 -9.79615 1.6883
1.11 1.3451 -6.12196 -9.44548 1.99751
1.12 1.28314 -6.2702 -9.05034 2.29517
1.13 1.2197 -6.41571 -8.60986 2.57858
1.14 1.15483 -6.55784 -8.12359 2.84494
1.15 1.08856 -6.6959 -7.59154 3.09139
1.16 1.02093 -6.82921 -7.01425 3.31503
1.17 0.951995 -6.95704 -6.39282 3.51298
1.18 0.881811 -7.07869 -5.72897 3.68242
1.19 0.810444 -7.19344 -5.02502 3.82067
1.2 0.737967 -7.30059 -4.28396 3.9252
1.21 0.66446 -7.39946 -3.5094 3.99374
1.22 0.590008 -7.48941 -2.70559 4.02431
1.23 0.514703 -7.56983 -1.87734 4.0153
1.24 0.438645 -7.64015 -1.03002 3.96549
1.25 0.361936 -7.69987 -0.169424 3.87409
1.26 0.284684 -7.74857 0.698247 3.74082
1.27 0.207002 -7.78587 1.56654 3.56589
1.28 0.129006 -7.81149 2.42884 3.35004
1.29 0.0508119 -7.82526 3.27849 3.09451
1.3 -0.0274596 -7.82704 4.10892 2.80105
1.31 -0.105689 -7.81685 4.91377 2.47188
1.32 -0.183757 -7.79475 5.68699 2.10964
1.33 -0.261545 -7.7609 6.42299 1.71736
1.34 -0.338937 -7.71558 7.11669 1.29839
1.35 -0.415819 -7.6591 7.76366 0.856335
1.36 -0.492083 -7.59189 8.36011 0.394956
1.37 -0.567623 -7.51443 8.90301 -0.0818627
1.38 -0.642339 -7.42727 9.39004 -0.570212
1.39 -0.716138 -7.33099 9.81967 -1.06622
1.4 -0.788931 -7.22623 10.1911 -1.56613
1.41 -0.860636 -7.11368 10.5042 -2.06632
1.42 -0.931181 -6.99402 10.7595 -2.56342
1.43 -1.0005 -6.86795 10.9583 -3.05429
1.44 -1.06852 -6.73621 11.1022 -3.53608
1.45 -1.1352 -6.59949 11.1935 -4.00623
1.46 -1.2005 -6.4585 11.2346 -4.46254
1.47 -1.26436 -6.31393 11.2285 -4.90311
1.48 -1.32677 -6.16644 11.1783 -5.32636
1.49 -1.38768 -6.01666 11.0874 -5.73103
1.5 -1.44709 -5.8652 10.959 -6.11617
1.51 -1.50498 -5.71262 10.7968 -6.48109
1.52 -1.56134 -5.55947 10.6041 -6.82538
1.53 -1.61617 -5.40623 10.3843 -7.14885
1.54 -1.66947 -5.25337 10.1407 -7.45153
1.55 -1.72124 -5.1013 9.87648 -7.73361
1.56 -1.7715 -4.95039 9.59469 -7.99547
1.57 -1.82025 -4.80099 9.29816 -8.2376
1.58 -1.86753 -4.65341 8.98956 -8.46062
1.59 -1.91333 -4.50791 8.67136 -8.66523
1.6 -1.95769 -4.36473 8.34584 -8.85218
1.61 -2.00063 -4.22407 8.01509 -9.0223
1.62 -2.04218 -4.08611 7.681 -9.17645
1.63 -2.08236 -3.95099 7.34527 -9.3155
1.64 -2.12121 -3.81883 7.00943 -9.44032
1.65 -2.15875 -3.68973 6.67482 -9.5518
1.66 -2.19502 -3.56377 6.34265 -9.65082
1.67 -2.23004 -3.441 6.01395 -9.73821
1.68 -2.26385 -3.32145 5.68962 -9.81482
1.69 -2.29648 -3.20516 5.37043 -9.88143
1.7 -2.32796 -3.09213 5.05703 -9.93882
1.71 -2.35833 -2.98235 4.74997 -9.98773
1.72 -2.38762 -2.87582 4.44969 -10.0288
1.73 -2.41586 -2.77249 4.15655 -10.0628
1.74 -2.44308 -2.67234 3.87084 -10.0903
1.75 -2.46932 -2.57533 3.59275 -10.1118
1.76 -2.4946 -2.48141 3.32244 -10.128
1.77 -2.51895 -2.39052 3.06 -10.1393
1.78 -2.54242 -2.3026 2.80547 -10.1463
1.79 -2.56502 -2.21761 2.55886 -10.1492
1.8 -2.58678 -2.13546 2.32013 -10.1487
1.81 -2.60773 -2.05609 2.08922 -10.145
1.82 -2.62791 -1.97944 1.86604 -10.1385
1.83 -2.64733 -1.90543 1.65047 -10.1295
1.84 -2.66603 -1.83399 1.44239 -10.1184
1.85 -2.68402 -1.76504 1.24164 -10.1053
1.86 -2.70134 -1.69853 1.04806 -10.0906
1.87 -2.718 -1.63437 0.861493 -10.0744
1.88 -2.73403 -1.5725 0.681752 -10.057
1.89 -2.74946 -1.51284 0.508657 -10.0386
1.9 -2.76429 -1.45532 0.342022 -10.0193
1.91 -2.77857 -1.39987 0.181658 -9.99926
1.92 -2.7923 -1.34643 0.0273738 -9.97868
1.93 -2.8055 -1.29493 -0.12102 -9.95766
1.94 -2.8182 -1.24531 -0.263713 -9.93631
1.95 -2.83042 -1.19749 -0.400893 -9.91473
1.96 -2.84216 -1.15142 -0.532744 -9.89301
1.97 -2.85345 -1.10704 -0.659449 -9.87125
1.98 -2.86431 -1.06429 -0.781186 -9.8495
1.99 -2.87474 -1.0231 -0.89813 -9.82784
2 -2.88477 -0.983431 -1.01045 -9.80633
2.01 -2.89441 -0.945216 -1.11832 -9.78501
2.02 -2.90368 -0.908407 -1.22189 -9.76393
2.03 -2.91259 -0.872951 -1.32133 -9.74314
2.04 -2.92114 -0.838798 -1.41678 -9.72265
2.05 -2.92937 -0.8059 -1.5084 -9.70251
2.06 -2.93727 -0.774209 -1.59632 -9.68273
2.07 -2.94486 -0.743681 -1.68068 -9.66335
2.08 -2.95214 -0.714271 -1.76163 -9.64437
2.09 -2.95914 -0.685936 -1.83927 -9.62582
2.1 -2.96587 -0.658635 -1.91375 -9.6077
2.11 -2.97232 -0.632329 -1.98518 -9.59002
2.12 -2.97852 -0.606977 -2.05367 -9.5728
2.13 -2.98446 -0.582544 -2.11934 -9.55603
2.14 -2.99017 -0.558993 -2.18229 -9.53972
2.15 -2.99565 -0.53629 -2.24262 -9.52388
2.16 -3.0009 -0.514399 -2.30043 -9.5085
2.17 -3.00594 -0.493289 -2.35581 -9.49358
2.18 -3.01077 -0.472929 -2.40886 -9.47912
2.19 -3.0154 -0.453287 -2.45966 -9.46512
2.2 -3.01983 -0.434335 -2.5083 -9.45157
2.21 -3.02409 -0.416044 -2.55484 -9.43847
2.22 -3.02816 -0.398386 -2.59938 -9.42582
2.23 -3.03206 -0.381335 -2.64198 -9.41361
2.24 -3.03579 -0.364865 -2.68271 -9.40184
2.25 -3.03935 -0.348951 -2.72163 -9.39049
2.26 -3.04277 -0.333569 -2.75882 -9.37957
2.27 -3.04603 -0.318696 -2.79433 -9.36906
2.28 -3.04914 -0.304309 -2.82822 -9.35896
2.29 -3.05212 -0.290387 -2.86054 -9.34926
2.3 -3.05495 -0.276909 -2.89135 -9.33996
2.31 -3.05766 -0.263853 -2.9207 -9.33104
2.32 -3.06023 -0.2512 -2.94863 -9.32251
2.33 -3.06268 -0.238932 -2.97519 -9.31435
2.34 -3.06501 -0.227028 -3.00043 -9.30655
2.35 -3.06722 -0.215471 -3.02438 -9.29912
2.36 -3.06932 -0.204244 -3.04708 -9.29205
2.37 -3.07131 -0.193329 -3.06858 -9.28532
2.38 -3.07319 -0.18271 -3.08889 -9.27893
2.39 -3.07496 -0.17237 -3.10807 -9.27288
2.4 -3.07664 -0.162293 -3.12613 -9.26716
2.41 -3.07821 -0.152465 -3.14312 -9.26176
2.42 -3.07969 -0.142871 -3.15904 -9.25668
2.43 -3.08107 -0.133495 -3.17394 -9.25192
2.44 -3.08236 -0.124323 -3.18783 -9.24747
2.45 -3.08356 -0.115341 -3.20074 -9.24332
2.46 -3.08466 -0.106536 -3.21269 -9.23947
2.47 -3.08569 -0.097894 -3.22369 -9.23591
2.48 -3.08662 -0.0894018 -3.23377 -9.23265
2.49 -3.08747 -0.0810465 -3.24294 -9.22968
2.5 -3.08824 -0.0728152 -3.25122 -9.22699
2.51 -3.08893 -0.0646954 -3.25861 -9.22458
2.52 -3.08954 -0.0566746 -3.26514 -9.22246
2.53 -3.09007 -0.0487406 -3.2708 -9.22061
2.54 -3.09051 -0.0408812 -3.27562 -9.21904
2.55 -3.09088 -0.0330844 -3.27959 -9.21774
2.56 -3.09118 -0.0253383 -3.28273 -9.21671
2.57 -3.09139 -0.017631 -3.28504 -9.21596
2.58 -3.09153 -0.00995061 -3.28652 -9.21547
2.59 -3.09159 -0.0022855 -3.28718 -9.21526
2.6 -3.09157 0.00537612 -3.28701 -9.21531
2.61 -3.09148 0.013046 -3.28603 -9.21564
2.62 -3.09131 0.0207358 -3.28421 -9.21623
2.63 -3.09107 0.0284574 -3.28157 -9.2171
2.64 -3.09074 0.0362225 -3.27809 -9.21823
2.65 -3.09034 0.0440431 -3.27378 -9.21964
2.66 -3.08986 0.0519311 -3.26862 -9.22132
2.67 -3.0893 0.0598986 -3.26261 -9.22328
2.68 -3.08866 0.0679579 -3.25573 -9.22552
2.69 -3.08794 0.0761211 -3.24799 -9.22804
2.7 -3.08714 0.0844009 -3.23935 -9.23084
2.71 -3.08626 0.0928099 -3.22982 -9.23393
2.72 -3.08528 0.101361 -3.21937 -9.23731
2.73 -3.08423 0.110067 -3.20798 -9.24098
2.74 -3.08308 0.118942 -3.19565 -9.24495
2.75 -3.08185 0.127998 -3.18235 -9.24923
2.76 -3.08052 0.137251 -3.16805 -9.2538
2.77 -3.0791 0.146714 -3.15274 -9.25869
2.78 -3.07759 0.156401 -3.13639 -9.2639
2.79 -3.07597 0.166327 -3.11898 -9.26943
2.8 -3.07426 0.176508 -3.10047 -9.27528
2.81 -3.07244 0.186958 -3.08084 -9.28147
2.82 -3.07052 0.197695 -3.06005 -9.28799
2.83 -3.06849 0.208734 -3.03807 -9.29486
2.84 -3.06634 0.220092 -3.01487 -9.30208
2.85 -3.06408 0.231786 -2.99041 -9.30965
2.86 -3.06171 0.243835 -2.96464 -9.31759
2.87 -3.05921 0.256257 -2.93753 -9.3259
2.88 -3.05658 0.269069 -2.90903 -9.33459
2.89 -3.05382 0.282293 -2.8791 -9.34366
2.9 -3.05093 0.295948 -2.84769 -9.35312
2.91 -3.0479 0.310055 -2.81474 -9.36298
2.92 -3.04473 0.324635 -2.78021 -9.37325
2.93 -3.04141 0.339711 -2.74403 -9.38392
2.94 -3.03793 0.355304 -2.70615 -9.39502
2.95 -3.0343 0.371439 -2.6665 -9.40654
2.96 -3.0305 0.388141 -2.62503 -9.41849
2.97 -3.02654 0.405434 -2.58165 -9.43087
2.98 -3.02239 0.423344 -2.53632 -9.4437
2.99 -3.01807 0.441898 -2.48894 -9.45698
3 -3.01355 0.461125 -2.43944 -9.47071
3.01 -3.00884 0.481053 -2.38774 -9.48489
3.02 -3.00393 0.501712 -2.33376 -9.49954
3.03 -2.99881 0.523133 -2.27741 -9.51464
3.04 -2.99346 0.545347 -2.21859 -9.53021
3.05 -2.9879 0.568389 -2.15722 -9.54624
3.06 -2.98209 0.592291 -2.09319 -9.56274
3.07 -2.97605 0.61709 -2.02639 -9.57969
3.08 -2.96975 0.642822 -1.95673 -9.5971
3.09 -2.96319 0.669525 -1.88409 -9.61495
3.1 -2.95635 0.697238 -1.80834 -9.63325
3.11 -2.94924 0.726002 -1.72938 -9.65198
3.12 -2.94183 0.755858 -1.64707 -9.67112
3.13 -2.93412 0.786849 -1.56129 -9.69066
3.14 -2.92609 0.819021 -1.47189 -9.71059
3.15 -2.91773 0.85242 -1.37875 -9.73087
3.16 -2.90904 0.887092 -1.28171 -9.75149
3.17 -2.89999 0.923088 -1.18062 -9.7724
3.18 -2.89057 0.960458 -1.07534 -9.79358
3.19 -2.88077 0.999254 -0.965693 -9.81499
3.2 -2.87058 1.03953 -0.851527 -9.83657
3.21 -2.85998 1.08134 -0.73267 -9.85827
3.22 -2.84895 1.12475 -0.60895 -9.88003
3.23 -2.83748 1.1698 -0.480191 -9.90178
3.24 -2.82555 1.21657 -0.346213 -9.92345
3.25 -2.81314 1.2651 -0.206832 -9.94495
3.26 -2.80024 1.31548 -0.0618625 -9.96618
3.27 -2.78682 1.36775 0.0888844 -9.98704
3.28 -2.77288 1.42199 0.245598 -10.0074
3.29 -2.75838 1.47826 0.408469 -10.0271
3.3 -2.74331 1.53664 0.577687 -10.0461
3.31 -2.72764 1.59718 0.75344 -10.0641
3.32 -2.71135 1.65997 0.935913 -10.0811
3.33 -2.69443 1.72507 1.12529 -10.0967
3.34 -2.67684 1.79256 1.32174 -10.1108
3.35 -2.65857 1.8625 1.52543 -10.1231
3.36 -2.63959 1.93497 1.73651 -10.1334
3.37 -2.61986 2.01003 1.95514 -10.1414
3.38 -2.59938 2.08777 2.18143 -10.1468
3.39 -2.5781 2.16825 2.41548 -10.1493
3.4 -2.556 2.25154 2.65738 -10.1485
3.41 -2.53306 2.33771 2.90718 -10.144
3.42 -2.50924 2.42682 3.1649 -10.1353
3.43 -2.48451 2.51892 3.43053 -10.1221
3.44 -2.45885 2.61408 3.70399 -10.1038
3.45 -2.43222 2.71236 3.98517 -10.08
3.46 -2.40459 2.81378 4.27391 -10.0499
3.47 -2.37593 2.9184 4.56997 -10.0132
3.48 -2.34621 3.02624 4.87303 -9.96898
3.49 -2.3154 3.13733 5.18271 -9.91674
3.5 -2.28346 3.25168 5.49851 -9.85571
3.51 -2.25035 3.36928 5.81986 -9.78516
3.52 -2.21606 3.49013 6.14605 -9.70431
3.53 -2.18054 3.61419 6.47627 -9.61232
3.54 -2.14376 3.74143 6.80956 -9.50839
3.55 -2.1057 3.87177 7.14481 -9.39163
3.56 -2.06632 4.00514 7.48078 -9.26117
3.57 -2.02559 4.14142 7.81604 -9.11614
3.58 -1.98348 4.28049 8.149 -8.95566
3.59 -1.93997 4.42219 8.47788 -8.77884
3.6 -1.89503 4.56633 8.80071 -8.58487
3.61 -1.84864 4.7127 9.11532 -8.37293
3.62 -1.80077 4.86105 9.41937 -8.14228
3.63 -1.75141 5.01109 9.71028 -7.89225
3.64 -1.70054 5.16251 9.98532 -7.62229
3.65 -1.64816 5.31496 10.2416 -7.33194
3.66 -1.59424 5.46802 10.476 -7.02089
3.67 -1.53879 5.62128 10.6852 -6.68902
3.68 -1.48182 5.77426 10.8661 -6.33637
3.69 -1.42331 5.92646 11.0151 -5.96323
3.7 -1.36329 6.07731 11.1287 -5.57011
3.71 -1.30177 6.22624 11.2037 -5.15781
3.72 -1.23878 6.37263 11.2364 -4.72741
3.73 -1.17433 6.51584 11.2239 -4.28029
3.74 -1.10847 6.65519 11.1628 -3.81814
3.75 -1.04124 6.78999 11.0507 -3.34301
3.76 -0.972689 6.91953 10.8848 -2.85724
3.77 -0.902871 7.04309 10.6634 -2.3635
3.78 -0.83185 7.15997 10.3849 -1.86476
3.79 -0.759696 7.26946 10.0483 -1.36426
3.8 -0.686488 7.37088 9.65335 -0.86548
3.81 -0.612308 7.46356 9.20044 -0.3721
3.82 -0.537248 7.54688 8.69064 0.112068
3.83 -0.461403 7.62026 8.12583 0.58313
3.84 -0.384877 7.6832 7.50859 1.03718
3.85 -0.307776 7.73522 6.84228 1.47037
3.86 -0.23021 7.77595 6.13094 1.87899
3.87 -0.152295 7.80509 5.37928 2.25954
3.88 -0.0741481 7.8224 4.59261 2.60878
3.89 0.00411268 7.82777 3.7767 2.92385
3.9 0.0823672 7.82114 2.93774 3.20225
3.91 0.160496 7.80258 2.08218 3.44196
3.92 0.238379 7.77221 1.21666 3.64143
3.93 0.315901 7.73028 0.347831 3.79961
3.94 0.392947 7.67709 -0.517749 3.91599
3.95 0.469407 7.61304 -1.37371 3.99055
3.96 0.545173 7.53858 -2.21402 4.02379
3.97 0.620146 7.45425 -3.03303 4.01666
3.98 0.694227 7.36062 -3.82559 3.97056
3.99 0.767329 7.25833 -4.58711 3.88724
4 0.839367 7.14803 -5.3136 3.76883
4.01 0.910265 7.03041 -6.0017 3.61769
4.02 0.979953 6.90618 -6.64869 3.43641
4.03 1.04837 6.77606 -7.25249 3.22776
4.04 1.11546 6.64075 -7.81163 2.99457
4.05 1.18117 6.50096 -8.32525 2.73974
4.06 1.24546 6.35739 -8.79302 2.46616
4.07 1.30831 6.2107 -9.21513 2.17667
4.08 1.36967 6.06154 -9.59221 1.87404
4.09 1.42953 5.91052 -9.92528 1.56089
4.1 1.48788 5.75822 -10.2157 1.23974
4.11 1.54469 5.60518 -10.4651 0.912917
4.12 1.59998 5.45192 -10.6754 0.582581
4.13 1.65373 5.2989 -10.8486 0.25071
4.14 1.70596 5.14655 -10.9868 -0.0809056
4.15 1.75667 4.99526 -11.0924 -0.410666
4.16 1.80587 4.84538 -11.1675 -0.737154
4.17 1.85358 4.69722 -11.2146 -1.05913
4.18 1.89982 4.55108 -11.2359 -1.37554
4.19 1.94461 4.40718 -11.2336 -1.68546
4.2 1.98797 4.26575 -11.2099 -1.98815
4.21 2.02993 4.12697 -11.1669 -2.28298
4.22 2.07052 3.99099 -11.1066 -2.56947
4.23 2.10976 3.85793 -11.0309 -2.84724
4.24 2.14769 3.72791 -10.9417 -3.11602
4.25 2.18433 3.60101 -10.8404 -3.37562
4.26 2.21972 3.47728 -10.7289 -3.62595
4.27 2.25389 3.35677 -10.6084 -3.86697
4.28 2.28687 3.23951 -10.4804 -4.09872
4.29 2.31869 3.1255 -10.3461 -4.32127
4.3 2.34939 3.01476 -10.2065 -4.53476
4.31 2.37899 2.90725 -10.0629 -4.73935
4.32 2.40754 2.80297 -9.91596 -4.93524
4.33 2.43506 2.70188 -9.7667 -5.12263
4.34 2.46159 2.60394 -9.61584 -5.30177
4.35 2.48715 2.5091 -9.46405 -5.47291
4.36 2.51178 2.41731 -9.31195 -5.63632
4.37 2.53551 2.32852 -9.16009 -5.79226
4.38 2.55836 2.24266 -9.00894 -5.94101
4.39 2.58037 2.15967 -8.85892 -6.08284
4.4 2.60157 2.07948 -8.71041 -6.21803
4.41 2.62197 2.00202 -8.56372 -6.34686
4.42 2.64162 1.92723 -8.41914 -6.46959
4.43 2.66052 1.85503 -8.27689 -6.58649
4.44 2.67872 1.78535 -8.13719 -6.69781
4.45 2.69624 1.71812 -8.00019 -6.80381
4.46 2.71309 1.65327 -7.86604 -6.90473
4.47 2.72931 1.59072 -7.73486 -7.0008
4.48 2.74492 1.5304 -7.60672 -7.09226
4.49 2.75993 1.47225 -7.48169 -7.17932
4.5 2.77437 1.4162 -7.35983 -7.2622
4.51 2.78826 1.36217 -7.24116 -7.34108
4.52 2.80162 1.3101 -7.12571 -7.41618
4.53 2.81447 1.25992 -7.01348 -7.48767
4.54 2.82682 1.21157 -6.90446 -7.55574
4.55 2.8387 1.16499 -6.79863 -7.62054
4.56 2.85013 1.12011 -6.69596 -7.68224
4.57 2.86111 1.07687 -6.59644 -7.74099
4.58 2.87167 1.03523 -6.5 -7.79694
4.59 2.88182 0.995109 -6.40662 -7.85022
4.6 2.89158 0.956465 -6.31624 -7.90098
4.61 2.90096 0.919242 -6.2288 -7.94933
4.62 2.90997 0.883388 -6.14426 -7.99538
4.63 2.91863 0.848851 -6.06254 -8.03927
4.64 2.92695 0.815584 -5.9836 -8.08108
4.65 2.93494 0.783538 -5.90736 -8.12093
4.66 2.94262 0.752668 -5.83377 -8.1589
4.67 2.95 0.722929 -5.76275 -8.19509
4.68 2.95709 0.694277 -5.69426 -8.22959
4.69 2.96389 0.666672 -5.62821 -8.26247
4.7 2.97042 0.640073 -5.56454 -8.29382
4.71 2.97669 0.614441 -5.5032 -8.3237
4.72 2.98271 0.589738 -5.44412 -8.35219
4.73 2.98849 0.565928 -5.38723 -8.37935
4.74 2.99404 0.542975 -5.33247 -8.40525
4.75 2.99935 0.520845 -5.27979 -8.42994
4.76 3.00446 0.499506 -5.22911 -8.45348
4.77 3.00935 0.478925 -5.1804 -8.47592
4.78 3.01404 0.459072 -5.13357 -8.49731
4.79 3.01853 0.439917 -5.08859 -8.51769
4.8 3.02284 0.421432 -5.0454 -8.53713
4.81 3.02696 0.403588 -5.00394 -8.55564
4.82 3.03091 0.386358 -4.96416 -8.57328
4.83 3.03469 0.369718 -4.92602 -8.59009
4.84 3.03831 0.35364 -4.88946 -8.60609
4.85 3.04177 0.338102 -4.85444 -8.62133
4.86 3.04507 0.32308 -4.82091 -8.63583
4.87 3.04823 0.308551 -4.78884 -8.64962
4.88 3.05124 0.294492 -4.75816 -8.66274
4.89 3.05412 0.280884 -4.72886 -8.67521
4.9 3.05686 0.267704 -4.70088 -8.68706
4.91 3.05948 0.254933 -4.6742 -8.69831
4.92 3.06196 0.242552 -4.64877 -8.70898
4.93 3.06433 0.230541 -4.62455 -8.71909
4.94 3.06657 0.218883 -4.60153 -8.72867
4.95 3.06871 0.207559 -4.57966 -8.73773
4.96 3.07073 0.196553 -4.55892 -8.7463
4.97 3.07264 0.185847 -4.53928 -8.75438
4.98 3.07444 0.175425 -4.5207 -8.762
4.99 3.07615 0.165272 -4.50317 -8.76916
5 3.07775 0.155371 -4.48666 -8.77589
5.01 3.07926 0.145709 -4.47115 -8.7822
5.02 3.08067 0.136269 -4.45661 -8.78809
5.03 3.08198 0.127038 -4.44303 -8.79358
5.04 3.08321 0.118001 -4.43038 -8.79869
5.05 3.08434 0.109144 -4.41865 -8.80341
5.06 3.08539 0.100455 -4.40782 -8.80776
5.07 3.08635 0.0919196 -4.39787 -8.81175
5.08 3.08723 0.0835247 -4.3888 -8.81538
5.09 3.08802 0.0752578 -4.38059 -8.81867
5.1 3.08873 0.067106 -4.37322 -8.82161
5.11 3.08937 0.059057 -4.36669 -8.82421
5.12 3.08992 0.0510984 -4.36099 -8.82648
5.13 3.09039 0.043218 -4.3561 -8.82843
5.14 3.09078 0.0354038 -4.35203 -8.83004
5.15 3.0911 0.0276437 -4.34877 -8.83134
5.16 3.09133 0.019926 -4.3463 -8.83232
5.17 3.09149 0.0122389 -4.34464 -8.83298
5.18 3.09158 0.00457042 -4.34376 -8.83333
5.19 3.09159 -0.00309103 -4.34369 -8.83336
5.2 3.09152 -0.0107572 -4.34441 -8.83307
5.21 3.09137 -0.0184399 -4.34592 -8.83247
5.22 3.09115 -0.0261507 -4.34823 -8.83156
5.23 3.09085 -0.0339017 -4.35134 -8.83032
5.24 3.09047 -0.0417045 -4.35525 -8.82876
5.25 3.09001 -0.0495712 -4.35998 -8.82688
5.26 3.08948 -0.0575137 -4.36553 -8.82467
5.27 3.08886 -0.0655444 -4.3719 -8.82214
5.28 3.08817 -0.0736753 -4.3791 -8.81926
5.29 3.08739 -0.0819191 -4.38715 -8.81604
5.3 3.08653 -0.0902882 -4.39605 -8.81248
5.31 3.08558 -0.0987955 -4.40583 -8.80856
5.32 3.08455 -0.107454 -4.41649 -8.80428
5.33 3.08343 -0.116277 -4.42804 -8.79963
5.34 3.08223 -0.125278 -4.44051 -8.7946
5.35 3.08093 -0.134471 -4.45391 -8.78918
5.36 3.07954 -0.143869 -4.46827 -8.78337
5.37 3.07805 -0.153488 -4.48359 -8.77714
5.38 3.07646 -0.163341 -4.49991 -8.7705
5.39 3.07478 -0.173444 -4.51724 -8.76342
5.4 3.073 -0.183813 -4.53561 -8.75589
5.41 3.0711 -0.194463 -4.55504 -8.74789
5.42 3.0691 -0.20541 -4.57557 -8.73942
5.43 3.06699 -0.216671 -4.59722 -8.73046
5.44 3.06477 -0.228263 -4.62002 -8.72098
5.45 3.06243 -0.240205 -4.644 -8.71097
5.46 3.05997 -0.252513 -4.66919 -8.70041
5.47 3.05738 -0.265207 -4.69563 -8.68928
5.48 3.05466 -0.278306 -4.72336 -8.67755
5.49 3.05181 -0.291831 -4.7524 -8.6652
5.5 3.04882 -0.305801 -4.78281 -8.65221
5.51 3.04569 -0.320237 -4.81461 -8.63855
5.52 3.04242 -0.335163 -4.84785 -8.62418
5.53 3.03899 -0.350599 -4.88258 -8.60909
5.54 3.0354 -0.36657 -4.91884 -8.59324
5.55 3.03165 -0.3831 -4.95667 -8.57659
5.56 3.02774 -0.400214 -4.99613 -8.55911
5.57 3.02365 -0.417938 -5.03726 -8.54077
5.58 3.01938 -0.436297 -5.08012 -8.52152
5.59 3.01492 -0.455321 -5.12475 -8.50132
5.6 3.01027 -0.475036 -5.17121 -8.48013
5.61 3.00542 -0.495474 -5.21956 -8.45789
5.62 3.00036 -0.516665 -5.26985 -8.43457
5.63 2.99508 -0.538639 -5.32214 -8.41011
5.64 2.98958 -0.56143 -5.37649 -8.38445
5.65 2.98385 -0.585073 -5.43296 -8.35754
5.66 2.97788 -0.6096 -5.49162 -8.32931
5.67 2.97165 -0.63505 -5.55252 -8.2997
5.68 2.96517 -0.66146 -5.61573 -8.26864
5.69 2.95842 -0.688867 -5.68131 -8.23606
5.7 2.95139 -0.717313 -5.74933 -8.20188
5.71 2.94407 -0.746839 -5.81986 -8.16602
5.72 2.93645 -0.777488 -5.89295 -8.1284
5.73 2.92852 -0.809303 -5.96867 -8.08892
5.74 2.92026 -0.842331 -6.04709 -8.0475
5.75 2.91167 -0.876618 -6.12826 -8.00402
5.76 2.90272 -0.912215 -6.21225 -7.95839
5.77 2.89342 -0.949169 -6.29913 -7.9105
5.78 2.88374 -0.987535 -6.38894 -7.86022
5.79 2.87366 -1.02736 -6.48174 -7.80743
5.8 2.86318 -1.06871 -6.57758 -7.752
5.81 2.85228 -1.11163 -6.6765 -7.6938
5.82 2.84095 -1.15619 -6.77856 -7.63269
5.83 2.82915 -1.20244 -6.88377 -7.5685
5.84 2.81689 -1.25044 -6.99218 -7.50108
5.85 2.80414 -1.30026 -7.10379 -7.43026
5.86 2.79088 -1.35196 -7.21862 -7.35587
5.87 2.77709 -1.40561 -7.33667 -7.27773
5.88 2.76276 -1.46127 -7.45791 -7.19564
5.89 2.74786 -1.51901 -7.58233 -7.1094
5.9 2.73237 -1.5789 -7.70988 -7.01881
5.91 2.71627 -1.64101 -7.84048 -6.92365
5.92 2.69954 -1.70542 -7.97407 -6.82368
5.93 2.68216 -1.77218 -8.11052 -6.71868
5.94 2.66409 -1.84138 -8.24972 -6.60841
5.95 2.64532 -1.91309 -8.39148 -6.49261
5.96 2.62582 -1.98738 -8.53563 -6.37102
5.97 2.60557 -2.06431 -8.68193 -6.24339
5.98 2.58453 -2.14397 -8.83012 -6.10945
5.99 2.56268 -2.22641 -8.97987 -5.96892
6 2.53999 -2.31171 -9.13084 -5.82153
6.01 2.51643 -2.39994 -9.2826 -5.667
6.02 2.49198 -2.49114 -9.43469 -5.50505
6.03 2.4666 -2.58539 -9.58658 -5.33543
6.04 2.44026 -2.68273 -9.73768 -5.15785
6.05 2.41294 -2.78321 -9.88731 -4.97207
6.06 2.38459 -2.88687 -10.0347 -4.77784
6.07 2.35519 -2.99375 -10.1791 -4.57495
6.08 2.3247 -3.10387 -10.3195 -4.36319
6.09 2.2931 -3.21724 -10.4549 -4.1424
6.1 2.26035 -3.33388 -10.5842 -3.91244
6.11 2.22641 -3.45376 -10.7063 -3.67321
6.12 2.19126 -3.57687 -10.8197 -3.42468
6.13 2.15486 -3.70317 -10.923 -3.16686
6.14 2.11719 -3.83259 -11.0147 -2.89984
6.15 2.0782 -3.96507 -11.0932 -2.62379
6.16 2.03788 -4.10049 -11.1566 -2.33896
6.17 1.99618 -4.23875 -11.203 -2.0457
6.18 1.95309 -4.37968 -11.2306 -1.74449
6.19 1.90858 -4.52311 -11.2372 -1.43591
6.2 1.86262 -4.66884 -11.2207 -1.12069
6.21 1.8152 -4.81663 -11.1787 -0.799705
6.22 1.76628 -4.9662 -11.1092 -0.473997
6.23 1.71587 -5.11724 -11.0097 -0.144764
6.24 1.66393 -5.26942 -10.8779 0.186613
6.25 1.61048 -5.42234 -10.7116 0.518567
6.26 1.55549 -5.57559 -10.5087 0.849348
6.27 1.49896 -5.72871 -10.267 1.17701
6.28 1.44091 -5.88119 -9.98463 1.49944
6.29 1.38134 -6.03251 -9.65991 1.81432
6.3 1.32027 -6.18207 -9.29142 2.11918
6.31 1.25771 -6.32929 -8.87807 2.41142
6.32 1.19369 -6.47352 -8.41914 2.68829
6.33 1.12825 -6.61409 -7.91436 2.94696
6.34 1.06143 -6.75031 -7.36395 3.18456
6.35 0.993263 -6.8815 -6.76868 3.39817
6.36 0.923816 -7.00692 -6.12989 3.58495
6.37 0.853147 -7.12587 -5.44954 3.74212
6.38 0.781323 -7.23763 -4.73021 3.86704
6.39 0.70842 -7.34153 -3.97516 3.95731
6.4 0.634521 -7.43688 -3.18826 4.01075
6.41 0.559713 -7.52305 -2.37397 4.02552
6.42 0.484092 -7.59945 -1.53735 4.00016
6.43 0.407759 -7.66556 -0.683952 3.93363
6.44 0.330817 -7.72088 0.180259 3.82534
6.45 0.253378 -7.76501 1.04897 3.67521
6.46 0.175556 -7.79763 1.91565 3.48365
6.47 0.0974651 -7.81848 2.77364 3.2516
6.48 0.0192256 -7.82742 3.61632 2.98053
6.49 -0.0590434 -7.82437 4.43717 2.67236
6.5 -0.137222 -7.80935 5.22996 2.3295
6.51 -0.215191 -7.78249 5.9888 1.95475
6.52 -0.292833 -7.74398 6.70831 1.55129
6.53 -0.370033 -7.6941 7.38365 1.12256
6.54 -0.446678 -7.63324 8.01065 0.672239
6.55 -0.522662 -7.56184 8.58581 0.204159
6.56 -0.597882 -7.48039 9.10639 -0.277783
6.57 -0.672238 -7.38947 9.5704 -0.769686
6.58 -0.745641 -7.28969 9.97659 -1.26771
6.59 -0.818005 -7.18171 10.3244 -1.76816
6.6 -0.889251 -7.0662 10.6141 -2.2675
6.61 -0.959306 -6.94387 10.8465 -2.76245
6.62 -1.02811 -6.81543 11.0229 -3.24997
6.63 -1.0956 -6.68159 11.1453 -3.72735
6.64 -1.16172 -6.54307 11.2159 -4.19217
6.65 -1.22644 -6.40055 11.2376 -4.64234
6.66 -1.28972 -6.25472 11.2134 -5.07609
6.67 -1.35153 -6.10623 11.1463 -5.49197
6.68 -1.41184 -5.9557 11.0399 -5.88886
6.69 -1.47064 -5.80373 10.8974 -6.26591
6.7 -1.52791 -5.65086 10.7225 -6.62254
6.71 -1.58366 -5.49761 10.5184 -6.95844
6.72 -1.63787 -5.34447 10.2886 -7.2735
6.73 -1.69055 -5.19188 10.0364 -7.56783
6.74 -1.74171 -5.04023 9.76471 -7.8417
6.75 -1.79136 -4.8899 9.47664 -8.09553
6.76 -1.83951 -4.7412 9.17493 -8.32987
6.77 -1.88619 -4.59443 8.86216 -8.54537
6.78 -1.93141 -4.44984 8.54075 -8.74276
6.79 -1.97519 -4.30765 8.21288 -8.92282
6.8 -2.01757 -4.16806 7.88056 -9.08639
6.81 -2.05856 -4.03123 7.54561 -9.23434
6.82 -2.0982 -3.89729 7.20966 -9.36753
6.83 -2.13652 -3.76636 6.87417 -9.48687
6.84 -2.17354 -3.63851 6.54041 -9.59322
6.85 -2.2093 -3.51383 6.20952 -9.68744
6.86 -2.24383 -3.39236 5.88248 -9.77038
6.87 -2.27716 -3.27413 5.56014 -9.84286
6.88 -2.30932 -3.15915 5.24322 -9.90566
6.89 -2.34035 -3.04744 4.93232 -9.95954
6.9 -2.37028 -2.93897 4.62795 -10.0052
6.91 -2.39914 -2.83373 4.33051 -10.0434
6.92 -2.42696 -2.73169 4.04034 -10.0747
6.93 -2.45378 -2.63281 3.75768 -10.0997
6.94 -2.47963 -2.53706 3.48272 -10.119
6.95 -2.50454 -2.44436 3.21557 -10.1331
6.96 -2.52853 -2.35468 2.95632 -10.1426
6.97 -2.55164 -2.26795 2.70499 -10.1479
6.98 -2.5739 -2.18411 2.46157 -10.1494
6.99 -2.59533 -2.1031 2.22601 -10.1476
7 -2.61597 -2.02483 1.99823 -10.1427
7.01 -2.63584 -1.94925 1.77813 -10.1352
7.02 -2.65496 -1.87629 1.5656 -10.1253
7.03 -2.67337 -1.80587 1.3605 -10.1133
7.04 -2.69109 -1.73791 1.16266 -10.0995
7.05 -2.70814 -1.67236 0.971933 -10.0842
7.06 -2.72454 -1.60913 0.788141 -10.0675
7.07 -2.74033 -1.54816 0.611105 -10.0497
7.08 -2.75551 -1.48937 0.44064 -10.0309
7.09 -2.77012 -1.43269 0.276559 -10.0113
7.1 -2.78417 -1.37807 0.118671 -9.99101
7.11 -2.79769 -1.32542 -0.0332132 -9.97024
7.12 -2.81069 -1.27468 -0.179284 -9.94907
7.13 -2.82319 -1.2258 -0.319729 -9.92762
7.14 -2.83521 -1.17869 -0.454736 -9.90597
7.15 -2.84677 -1.13331 -0.584489 -9.88423
7.16 -2.85788 -1.0896 -0.709167 -9.86246
7.17 -2.86857 -1.04748 -0.828949 -9.84075
7.18 -2.87884 -1.00691 -0.944008 -9.81914
7.19 -2.88871 -0.967836 -1.05451 -9.7977
7.2 -2.8982 -0.930195 -1.16063 -9.77647
7.21 -2.90732 -0.893937 -1.26251 -9.75551
7.22 -2.91608 -0.859013 -1.36032 -9.73483
7.23 -2.9245 -0.825372 -1.45421 -9.71448
7.24 -2.93259 -0.792967 -1.54431 -9.69448
7.25 -2.94037 -0.761751 -1.63078 -9.67486
7.26 -2.94783 -0.731679 -1.71375 -9.65564
7.27 -2.955 -0.702708 -1.79335 -9.63683
7.28 -2.96189 -0.674796 -1.86971 -9.61845
7.29 -2.9685 -0.647901 -1.94294 -9.60051
7.3 -2.97485 -0.621984 -2.01317 -9.58302
7.31 -2.98095 -0.597008 -2.08051 -9.56597
7.32 -2.98679 -0.572935 -2.14507 -9.54939
7.33 -2.99241 -0.54973 -2.20695 -9.53327
7.34 -2.99779 -0.527359 -2.26625 -9.51761
7.35 -3.00296 -0.505787 -2.32307 -9.50242
7.36 -3.00791 -0.484984 -2.3775 -9.48769
7.37 -3.01266 -0.464917 -2.42963 -9.47341
7.38 -3.01721 -0.445557 -2.47955 -9.4596
7.39 -3.02157 -0.426875 -2.52733 -9.44623
7.4 -3.02575 -0.408842 -2.57306 -9.43332
7.41 -3.02975 -0.391432 -2.6168 -9.42084
7.42 -3.03358 -0.374619 -2.65864 -9.40881
7.43 -3.03725 -0.358376 -2.69863 -9.39721
7.44 -3.04075 -0.34268 -2.73685 -9.38603
7.45 -3.0441 -0.327506 -2.77335 -9.37528
7.46 -3.0473 -0.312832 -2.8082 -9.36493
7.47 -3.05036 -0.298636 -2.84145 -9.355
7.48 -3.05328 -0.284895 -2.87315 -9.34546
7.49 -3.05606 -0.27159 -2.90337 -9.33631
7.5 -3.05871 -0.258699 -2.93214 -9.32755
7.51 -3.06123 -0.246203 -2.95951 -9.31917
7.52 -3.06363 -0.234084 -2.98553 -9.31116
7.53 -3.06592 -0.222323 -3.01025 -9.30351
7.54 -3.06808 -0.210901 -3.03369 -9.29622
7.55 -3.07014 -0.199802 -3.0559 -9.28929
7.56 -3.07208 -0.189008 -3.07692 -9.2827
7.57 -3.07392 -0.178503 -3.09677 -9.27645
7.58 -3.07565 -0.168272 -3.11549 -9.27053
7.59 -3.07728 -0.158298 -3.13312 -9.26494
7.6 -3.07882 -0.148565 -3.14967 -9.25967
7.61 -3.08026 -0.139061 -3.16518 -9.25472
7.62 -3.0816 -0.129769 -3.17966 -9.25009
7.63 -3.08285 -0.120675 -3.19316 -9.24575
7.64 -3.08401 -0.111767 -3.20568 -9.24173
7.65 -3.08509 -0.103029 -3.21724 -9.238
7.66 -3.08607 -0.0944488 -3.22787 -9.23456
7.67 -3.08698 -0.0860134 -3.23758 -9.23142
7.68 -3.0878 -0.0777096 -3.24639 -9.22856
7.69 -3.08853 -0.0695248 -3.2543 -9.22598
7.7 -3.08919 -0.0614465 -3.26135 -9.22369
7.71 -3.08976 -0.0534622 -3.26752 -9.22168
7.72 -3.09026 -0.0455597 -3.27285 -9.21994
7.73 -3.09067 -0.037727 -3.27732 -9.21848
7.74 -3.09101 -0.029952 -3.28096 -9.21729
7.75 -3.09127 -0.022223 -3.28376 -9.21638
7.76 -3.09145 -0.0145279 -3.28574 -9.21573
7.77 -3.09156 -0.00685507 -3.28689 -9.21536
7.78 -3.09159 0.000807251 -3.28721 -9.21525
7.79 -3.09155 0.00847081 -3.28671 -9.21541
7.8 -3.09142 0.0161473 -3.28539 -9.21584
7.81 -3.09122 0.0238486 -3.28324 -9.21655
7.82 -3.09095 0.0315864 -3.28026 -9.21752
7.83 -3.09059 0.0393725 -3.27645 -9.21877
7.84 -3.09016 0.0472189 -3.27179 -9.22029
7.85 -3.08965 0.0551376 -3.26629 -9.22208
7.86 -3.08905 0.0631407 -3.25993 -9.22415
7.87 -3.08838 0.0712405 -3.25271 -9.2265
7.88 -3.08763 0.0794493 -3.2446 -9.22914
7.89 -3.08679 0.0877797 -3.23561 -9.23205
7.9 -3.08587 0.0962446 -3.22571 -9.23526
7.91 -3.08487 0.104857 -3.21488 -9.23876
7.92 -3.08378 0.113629 -3.20312 -9.24255
7.93 -3.08259 0.122576 -3.1904 -9.24664
7.94 -3.08132 0.13171 -3.17669 -9.25104
7.95 -3.07996 0.141046 -3.16199 -9.25574
7.96 -3.0785 0.150597 -3.14627 -9.26076
7.97 -3.07695 0.160379 -3.12949 -9.26609
7.98 -3.07529 0.170406 -3.11164 -9.27175
7.99 -3.07354 0.180694 -3.09268 -9.27774
8 -3.07168 0.191258 -3.07258 -9.28406
8.01 -3.06971 0.202115 -3.05132 -9.29072
8.02 -3.06764 0.213281 -3.02885 -9.29773
8.03 -3.06545 0.224773 -3.00515 -9.30509
8.04 -3.06314 0.236608 -2.98016 -9.31282
8.05 -3.06071 0.248805 -2.95386 -9.3209
8.06 -3.05816 0.261382 -2.92619 -9.32936
8.07 -3.05548 0.274359 -2.89712 -9.33821
8.08 -3.05267 0.287754 -2.8666 -9.34743
8.09 -3.04973 0.301589 -2.83457 -9.35706
8.1 -3.04664 0.315884 -2.80099 -9.36708
8.11 -3.04341 0.330662 -2.7658 -9.37751
8.12 -3.04002 0.345944 -2.72894 -9.38835
8.13 -3.03649 0.361753 -2.69035 -9.39962
8.14 -3.03279 0.378114 -2.64998 -9.41131
8.15 -3.02892 0.395051 -2.60774 -9.42344
8.16 -3.02488 0.41259 -2.56359 -9.436
8.17 -3.02067 0.430757 -2.51743 -9.44901
8.18 -3.01627 0.44958 -2.46921 -9.46247
8.19 -3.01167 0.469086 -2.41883 -9.47638
8.2 -3.00688 0.489306 -2.36622 -9.49075
8.21 -3.00189 0.510268 -2.31129 -9.50558
8.22 -2.99668 0.532006 -2.25396 -9.52088
8.23 -2.99124 0.55455 -2.19412 -9.53663
8.24 -2.98558 0.577935 -2.13169 -9.55285
8.25 -2.97968 0.602195 -2.06655 -9.56953
8.26 -2.97353 0.627367 -1.99861 -9.58667
8.27 -2.96713 0.653486 -1.92776 -9.60425
8.28 -2.96046 0.680592 -1.85388 -9.62229
8.29 -2.95352 0.708724 -1.77685 -9.64076
8.3 -2.94628 0.737924 -1.69655 -9.65966
8.31 -2.93875 0.768233 -1.61286 -9.67897
8.32 -2.93092 0.799696 -1.52563 -9.69867
8.33 -2.92276 0.832358 -1.43474 -9.71874
8.34 -2.91426 0.866265 -1.34004 -9.73916
8.35 -2.90543 0.901466 -1.24138 -9.7599
8.36 -2.89623 0.93801 -1.13862 -9.78093
8.37 -2.88666 0.97595 -1.03159 -9.8022
8.38 -2.87671 1.01534 -0.920144 -9.82368
8.39 -2.86635 1.05623 -0.804104 -9.84532
8.4 -2.85558 1.09867 -0.683305 -9.86705
8.41 -2.84437 1.14274 -0.557572 -9.88882
8.42 -2.83272 1.18848 -0.426727 -9.91055
8.43 -2.8206 1.23595 -0.29059 -9.93216
8.44 -2.80799 1.28522 -0.148974 -9.95356
8.45 -2.79488 1.33635 -0.00169434 -9.97466
8.46 -2.78126 1.38941 0.151439 -9.99533
8.47 -2.76709 1.44447 0.310616 -10.0155
8.48 -2.75236 1.50158 0.476027 -10.0349
8.49 -2.73705 1.56082 0.647862 -10.0535
8.5 -2.72114 1.62227 0.826306 -10.0711
8.51 -2.7046 1.68598 1.01154 -10.0875
8.52 -2.68741 1.75203 1.20376 -10.1026
8.53 -2.66955 1.8205 1.40311 -10.116
8.54 -2.65099 1.89145 1.60977 -10.1275
8.55 -2.63171 1.96496 1.82388 -10.1369
8.56 -2.61168 2.0411 2.04559 -10.1439
8.57 -2.59088 2.11994 2.275 -10.1482
8.58 -2.56928 2.20155 2.51221 -10.1494
8.59 -2.54684 2.28599 2.7573 -10.1471
8.6 -2.52355 2.37334 3.0103 -10.141
8.61 -2.49936 2.46365 3.27122 -10.1306
8.62 -2.47426 2.55698 3.54002 -10.1154
8.63 -2.44821 2.65339 3.81661 -10.0949
8.64 -2.42119 2.75293 4.10087 -10.0686
8.65 -2.39315 2.85564 4.3926 -10.0359
8.66 -2.36406 2.96156 4.69153 -9.99624
8.67 -2.3339 3.07071 4.99731 -9.94889
8.68 -2.30264 3.18311 5.30953 -9.89319
8.69 -2.27023 3.29878 5.62765 -9.82842
8.7 -2.23665 3.41769 5.95104 -9.7538
8.71 -2.20187 3.53984 6.27897 -9.66855
8.72 -2.16584 3.6652 6.61055 -9.57184
8.73 -2.12855 3.79369 6.94477 -9.46283
8.74 -2.08996 3.92527 7.28047 -9.34065
8.75 -2.05004 4.05983 7.61634 -9.20441
8.76 -2.00875 4.19725 7.95087 -9.05325
8.77 -1.96608 4.33741 8.28241 -8.88627
8.78 -1.922 4.48012 8.60909 -8.70263
8.79 -1.87647 4.62519 8.92887 -8.50149
8.8 -1.82949 4.77239 9.23951 -8.28208
8.81 -1.78102 4.92145 9.53857 -8.04368
8.82 -1.73105 5.07209 9.82342 -7.78567
8.83 -1.67957 5.22397 10.0912 -7.50752
8.84 -1.62657 5.37671 10.339 -7.20883
8.85 -1.57204 5.52991 10.5637 -6.88938
8.86 -1.51597 5.68312 10.7619 -6.5491
8.87 -1.45837 5.83585 10.9303 -6.18813
8.88 -1.39926 5.98757 11.0654 -5.80685
8.89 -1.33863 6.13772 11.1638 -5.40587
8.9 -1.27651 6.2857 11.2222 -4.98612
8.91 -1.21292 6.43088 11.237 -4.54878
8.92 -1.1479 6.57262 11.2052 -4.09537
8.93 -1.08149 6.71021 11.1238 -3.62772
8.94 -1.01372 6.84297 10.9903 -3.14799
8.95 -0.944645 6.97018 10.8022 -2.65866
8.96 -0.874333 7.09114 10.5579 -2.16253
8.97 -0.802845 7.20512 10.256 -1.66267
8.98 -0.730256 7.31143 9.89583 -1.16243
8.99 -0.656645 7.40939 9.47739 -0.665383
9 -0.582098 7.49836 9.00133 -0.175258
9.01 -0.506709 7.57774 8.46905 0.304089
9.02 -0.430577 7.64696 7.88271 0.768749
9.03 -0.353805 7.70554 7.24522 1.21483
9.04 -0.276503 7.75305 6.5602 1.63854
9.05 -0.198783 7.78913 5.83198 2.03623
9.06 -0.12076 7.81351 5.06551 2.40451
9.07 -0.0425521 7.82601 4.26631 2.74028
9.08 0.0357206 7.82653 3.44033 3.04081
9.09 0.113939 7.81508 2.59388 3.30381
9.1 0.191982 7.79172 1.7335 3.52742
9.11 0.269734 7.75666 0.865841 3.71031
9.12 0.347077 7.71013 -0.00245943 3.85165
9.13 0.4239 7.65251 -0.864907 3.95111
9.14 0.500092 7.58419 -1.71526 4.0089
9.15 0.57555 7.50568 -2.54761 4.0257
9.16 0.650173 7.41752 -3.35653 4.00264
9.17 0.72387 7.32032 -4.13708 3.94128
9.18 0.796552 7.21471 -4.8849 3.84352
9.19 0.868138 7.10137 -5.59626 3.71159
9.2 0.938556 6.981 -6.26805 3.54796
9.21 1.00774 6.8543 -6.89781 3.35529
9.22 1.07562 6.722 -7.48372 3.13638
9.23 1.14216 6.5848 -8.02455 2.89411
9.24 1.20731 6.4434 -8.51966 2.63136
9.25 1.27102 6.29849 -8.96895 2.35102
9.26 1.33327 6.15073 -9.37278 2.05589
9.27 1.39402 6.00074 -9.73194 1.74871
9.28 1.45327 5.84914 -10.0476 1.43204
9.29 1.511 5.69648 -10.3213 1.10832
9.3 1.5672 5.54329 -10.5546 0.779829
9.31 1.62187 5.39007 -10.7497 0.448646
9.32 1.67501 5.23727 -10.9085 0.116673
9.33 1.72662 5.08531 -11.0332 -0.214375
9.34 1.77672 4.93454 -11.1263 -0.542974
9.35 1.82531 4.78533 -11.1898 -0.867781
9.36 1.87243 4.63795 -11.2262 -1.18763
9.37 1.91808 4.49269 -11.2377 -1.50152
9.38 1.96229 4.34976 -11.2265 -1.8086
9.39 2.00508 4.20938 -11.1948 -2.10818
9.4 2.04649 4.07171 -11.1445 -2.3997
9.41 2.08653 3.9369 -11.0778 -2.68271
9.42 2.12523 3.80506 -10.9964 -2.95687
9.43 2.16264 3.67629 -10.9021 -3.22196
9.44 2.19877 3.55066 -10.7966 -3.47783
9.45 2.23366 3.42823 -10.6812 -3.7244
9.46 2.26735 3.30903 -10.5576 -3.96167
9.47 2.29985 3.19308 -10.4268 -4.18969
9.48 2.33122 3.08039 -10.2903 -4.40857
9.49 2.36147 2.97096 -10.149 -4.61844
9.5 2.39065 2.86476 -10.0039 -4.81949
9.51 2.41878 2.76177 -9.85593 -5.01192
9.52 2.44589 2.66195 -9.70593 -5.19595
9.53 2.47203 2.56527 -9.55462 -5.37183
9.54 2.49721 2.47167 -9.40264 -5.53981
9.55 2.52147 2.3811 -9.25057 -5.70017
9.56 2.54484 2.2935 -9.09894 -5.85317
9.57 2.56735 2.2088 -8.9482 -5.9991
9.58 2.58903 2.12695 -8.79875 -6.13822
9.59 2.6099 2.04787 -8.65094 -6.27081
9.6 2.62999 1.9715 -8.50507 -6.39714
9.61 2.64934 1.89777 -8.3614 -6.51748
9.62 2.66796 1.82659 -8.22016 -6.6321
9.63 2.68588 1.75791 -8.08153 -6.74124
9.64 2.70312 1.69165 -7.94567 -6.84516
9.65 2.71972 1.62774 -7.81271 -6.94409
9.66 2.73569 1.5661 -7.68274 -7.03828
9.67 2.75105 1.50667 -7.55585 -7.12793
9.68 2.76583 1.44937 -7.4321 -7.21328
9.69 2.78004 1.39414 -7.31152 -7.29452
9.7 2.79372 1.34091 -7.19416 -7.37186
9.71 2.80687 1.28961 -7.08 -7.44548
9.72 2.81951 1.24018 -6.96907 -7.51556
9.73 2.83168 1.19255 -6.86134 -7.58229
9.74 2.84337 1.14666 -6.75679 -7.64582
9.75 2.85462 1.10245 -6.6554 -7.70631
9.76 2.86543 1.05987 -6.55712 -7.76391
9.77 2.87582 1.01885 -6.46193 -7.81877
9.78 2.88581 0.979329 -6.36976 -7.87102
9.79 2.89541 0.941266 -6.28058 -7.92078
9.8 2.90464 0.904602 -6.19432 -7.96819
9.81 2.91351 0.869285 -6.11092 -8.01336
9.82 2.92203 0.835267 -6.03033 -8.0564
9.83 2.93022 0.802499 -5.95249 -8.0974
9.84 2.93808 0.770933 -5.87733 -8.13648
9.85 2.94564 0.740525 -5.80478 -8.17372
9.86 2.9529 0.71123 -5.73479 -8.20922
9.87 2.95987 0.683006 -5.66729 -8.24306
9.88 2.96656 0.655812 -5.60222 -8.27531
9.89 2.97299 0.629608 -5.5395 -8.30606
9.9 2.97916 0.604356 -5.47907 -8.33537
9.91 2.98508 0.580017 -5.42088 -8.36332
9.92 2.99076 0.556558 -5.36486 -8.38996
9.93 2.99621 0.533941 -5.31095 -8.41536
9.94 3.00144 0.512135 -5.25908 -8.43958
9.95 3.00646 0.491105 -5.20921 -8.46267
9.96 3.01126 0.470822 -5.16126 -8.48468
9.97 3.01587 0.451255 -5.11519 -8.50566
9.98 3.02029 0.432373 -5.07094 -8.52565
9.99 3.02452 0.41415 -5.02845 -8.54471
10 3.02858 0.396558 -4.98768 -8.56287
