#t   #theta   #omega   #xddot    #yddot
0.01 3.09155 -0.00766282 -0.682339 -9.79774
0.02 3.09144 -0.0153374 -0.683906 -9.79772
0.03 3.09125 -0.0230354 -0.68652 -9.7977
0.04 3.09098 -0.0307687 -0.690185 -9.79767
0.05 3.09063 -0.0385491 -0.694906 -9.79764
0.06 3.09021 -0.0463886 -0.700691 -9.79759
0.07 3.0897 -0.054299 -0.707549 -9.79753
0.08 3.08912 -0.0622926 -0.71549 -9.79747
0.09 3.08846 -0.0703816 -0.724526 -9.79739
0.1 3.08771 -0.0785783 -0.734671 -9.79731
0.11 3.08689 -0.0868952 -0.74594 -9.79721
0.12 3.08597 -0.0953452 -0.75835 -9.7971
0.13 3.08498 -0.103941 -0.77192 -9.79698
0.14 3.0839 -0.112696 -0.786671 -9.79685
0.15 3.08272 -0.121624 -0.802625 -9.7967
0.16 3.08146 -0.130737 -0.819806 -9.79654
0.17 3.08011 -0.140051 -0.83824 -9.79637
0.18 3.07866 -0.149579 -0.857955 -9.79617
0.19 3.07712 -0.159336 -0.87898 -9.79596
0.2 3.07547 -0.169336 -0.901349 -9.79573
0.21 3.07373 -0.179596 -0.925093 -9.79548
0.22 3.07188 -0.19013 -0.950249 -9.79521
0.23 3.06993 -0.200955 -0.976855 -9.79491
0.24 3.06786 -0.212088 -1.00495 -9.79459
0.25 3.06568 -0.223544 -1.03458 -9.79424
0.26 3.06339 -0.235342 -1.06578 -9.79386
0.27 3.06097 -0.2475 -1.09861 -9.79345
0.28 3.05844 -0.260037 -1.13311 -9.79301
0.29 3.05577 -0.27297 -1.16933 -9.79252
0.3 3.05298 -0.28632 -1.20733 -9.792
0.31 3.05004 -0.300108 -1.24716 -9.79144
0.32 3.04697 -0.314354 -1.28889 -9.79082
0.33 3.04376 -0.329079 -1.33257 -9.79016
0.34 3.04039 -0.344306 -1.37827 -9.78944
0.35 3.03687 -0.360059 -1.42605 -9.78867
0.36 3.03319 -0.376361 -1.47599 -9.78782
0.37 3.02934 -0.393236 -1.52816 -9.78692
0.38 3.02532 -0.41071 -1.58263 -9.78593
0.39 3.02112 -0.428809 -1.63949 -9.78487
0.4 3.01674 -0.447562 -1.69881 -9.78372
0.41 3.01217 -0.466994 -1.76068 -9.78247
0.42 3.0074 -0.487137 -1.82519 -9.78113
0.43 3.00242 -0.50802 -1.89243 -9.77967
0.44 2.99724 -0.529674 -1.96249 -9.7781
0.45 2.99183 -0.552132 -2.03547 -9.7764
0.46 2.98619 -0.575427 -2.11148 -9.77456
0.47 2.98032 -0.599593 -2.19062 -9.77257
0.48 2.9742 -0.624666 -2.27299 -9.77043
0.49 2.96782 -0.650684 -2.35871 -9.7681
0.5 2.96118 -0.677684 -2.44789 -9.76559
0.51 2.95426 -0.705706 -2.54064 -9.76288
0.52 2.94706 -0.734791 -2.6371 -9.75995
0.53 2.93956 -0.764981 -2.73739 -9.75678
0.54 2.93176 -0.79632 -2.84162 -9.75335
0.55 2.92363 -0.828853 -2.94993 -9.74965
0.56 2.91518 -0.862626 -3.06246 -9.74565
0.57 2.90638 -0.897688 -3.17933 -9.74133
0.58 2.89722 -0.934088 -3.30068 -9.73666
0.59 2.88769 -0.971878 -3.42666 -9.73162
0.6 2.87778 -1.01111 -3.5574 -9.72618
0.61 2.86746 -1.05184 -3.69303 -9.72029
0.62 2.85673 -1.09412 -3.83371 -9.71394
0.63 2.84557 -1.13801 -3.97957 -9.70709
0.64 2.83397 -1.18357 -4.13075 -9.69968
0.65 2.8219 -1.23085 -4.28738 -9.69169
0.66 2.80934 -1.27993 -4.4496 -9.68306
0.67 2.79629 -1.33087 -4.61754 -9.67376
0.68 2.78272 -1.38372 -4.79132 -9.66371
0.69 2.76861 -1.43856 -4.97106 -9.65288
0.7 2.75394 -1.49545 -5.15687 -9.64119
0.71 2.7387 -1.55447 -5.34884 -9.62859
0.72 2.72285 -1.61567 -5.54706 -9.61501
0.73 2.70637 -1.67914 -5.75159 -9.60037
0.74 2.68926 -1.74495 -5.9625 -9.5846
0.75 2.67147 -1.81316 -6.17981 -9.56761
0.76 2.65298 -1.88384 -6.40353 -9.54932
0.77 2.63378 -1.95708 -6.63365 -9.52963
0.78 2.61383 -2.03294 -6.8701 -9.50844
0.79 2.59311 -2.11149 -7.11281 -9.48565
0.8 2.5716 -2.1928 -7.36165 -9.46115
0.81 2.54925 -2.27694 -7.61644 -9.43483
0.82 2.52605 -2.36398 -7.87697 -9.40655
0.83 2.50196 -2.45397 -8.14295 -9.3762
0.84 2.47696 -2.54698 -8.41403 -9.34364
0.85 2.45101 -2.64307 -8.68979 -9.30873
0.86 2.42409 -2.74228 -8.96975 -9.27133
0.87 2.39615 -2.84465 -9.25332 -9.2313
0.88 2.36718 -2.95023 -9.53981 -9.18847
0.89 2.33714 -3.05904 -9.82843 -9.1427
0.9 2.30599 -3.17109 -10.1183 -9.09383
0.91 2.27371 -3.28641 -10.4084 -9.0417
0.92 2.24025 -3.40499 -10.6975 -8.98616
0.93 2.20559 -3.5268 -10.9844 -8.92706
0.94 2.1697 -3.65182 -11.2677 -8.86424
0.95 2.13255 -3.77999 -11.5456 -8.79756
0.96 2.09409 -3.91124 -11.8164 -8.72689
0.97 2.05431 -4.04549 -12.0782 -8.65212
0.98 2.01318 -4.18262 -12.3288 -8.57314
0.99 1.97065 -4.32249 -12.5659 -8.48987
1 1.92672 -4.46494 -12.787 -8.40224
1.01 1.88135 -4.60977 -12.9895 -8.31024
1.02 1.83451 -4.75676 -13.1704 -8.21387
1.03 1.7862 -4.90564 -13.3268 -8.11317
1.04 1.7364 -5.05613 -13.4554 -8.00823
1.05 1.68508 -5.20789 -13.553 -7.89919
1.06 1.63224 -5.36056 -13.6163 -7.78625
1.07 1.57786 -5.51374 -13.6417 -7.66965
1.08 1.52196 -5.66696 -13.6258 -7.54973
1.09 1.46453 -5.81976 -13.5651 -7.42686
1.1 1.40557 -5.97162 -13.4562 -7.30153
1.11 1.3451 -6.12196 -13.296 -7.17425
1.12 1.28314 -6.2702 -13.0815 -7.04566
1.13 1.2197 -6.41571 -12.8098 -6.91644
1.14 1.15483 -6.55784 -12.4787 -6.78737
1.15 1.08856 -6.6959 -12.0863 -6.65928
1.16 1.02093 -6.82921 -11.6311 -6.53308
1.17 0.951995 -6.95704 -11.1124 -6.40971
1.18 0.881811 -7.07869 -10.5302 -6.29019
1.19 0.810444 -7.19344 -9.88492 -6.17555
1.2 0.737967 -7.30059 -9.17816 -6.06684
1.21 0.66446 -7.39946 -8.41214 -5.96509
1.22 0.590008 -7.48941 -7.58998 -5.87135
1.23 0.514703 -7.56983 -6.71565 -5.78658
1.24 0.438645 -7.64015 -5.79395 -5.71171
1.25 0.361936 -7.69987 -4.83044 -5.64758
1.26 0.284684 -7.74857 -3.83142 -5.59492
1.27 0.207002 -7.78587 -2.80381 -5.55436
1.28 0.129006 -7.81149 -1.75502 -5.52638
1.29 0.0508119 -7.82526 -0.692879 -5.51132
1.3 -0.0274596 -7.82704 0.374557 -5.50936
1.31 -0.105689 -7.81685 1.43913 -5.52052
1.32 -0.183757 -7.79475 2.49273 -5.54468
1.33 -0.261545 -7.7609 3.52746 -5.58153
1.34 -0.338937 -7.71558 4.53576 -5.63063
1.35 -0.415819 -7.6591 5.51055 -5.69141
1.36 -0.492083 -7.59189 6.44535 -5.76316
1.37 -0.567623 -7.51443 7.33435 -5.84507
1.38 -0.642339 -7.42727 8.17253 -5.93624
1.39 -0.716138 -7.33099 8.95567 -6.0357
1.4 -0.788931 -7.22623 9.68039 -6.14245
1.41 -0.860636 -7.11368 10.3442 -6.25543
1.42 -0.931181 -6.99402 10.9453 -6.3736
1.43 -1.0005 -6.86795 11.483 -6.49592
1.44 -1.06852 -6.73621 11.9571 -6.62138
1.45 -1.1352 -6.59949 12.3681 -6.74901
1.46 -1.2005 -6.4585 12.7174 -6.87788
1.47 -1.26436 -6.31393 13.0065 -7.00714
1.48 -1.32677 -6.16644 13.2378 -7.13599
1.49 -1.38768 -6.01666 13.414 -7.26373
1.5 -1.44709 -5.8652 13.5378 -7.3897
1.51 -1.50498 -5.71262 13.6125 -7.51335
1.52 -1.56134 -5.55947 13.6414 -7.6342
1.53 -1.61617 -5.40623 13.628 -7.75182
1.54 -1.66947 -5.25337 13.5757 -7.86589
1.55 -1.72124 -5.1013 13.4879 -7.97611
1.56 -1.7715 -4.95039 13.3682 -8.08229
1.57 -1.82025 -4.80099 13.2198 -8.18427
1.58 -1.86753 -4.65341 13.0458 -8.28194
1.59 -1.91333 -4.50791 12.8495 -8.37525
1.6 -1.95769 -4.36473 12.6337 -8.46418
1.61 -2.00063 -4.22407 12.4011 -8.54874
1.62 -2.04218 -4.08611 12.1542 -8.629
1.63 -2.08236 -3.95099 11.8955 -8.70502
1.64 -2.12121 -3.81883 11.6272 -8.7769
1.65 -2.15875 -3.68973 11.3512 -8.84475
1.66 -2.19502 -3.56377 11.0694 -8.90871
1.67 -2.23004 -3.441 10.7834 -8.96891
1.68 -2.26385 -3.32145 10.4948 -9.0255
1.69 -2.29648 -3.20516 10.2049 -9.07863
1.7 -2.32796 -3.09213 9.91484 -9.12845
1.71 -2.35833 -2.98235 9.62574 -9.17513
1.72 -2.38762 -2.87582 9.33853 -9.21882
1.73 -2.41586 -2.77249 9.05401 -9.25967
1.74 -2.44308 -2.67234 8.77292 -9.29784
1.75 -2.46932 -2.57533 8.49584 -9.33348
1.76 -2.4946 -2.48141 8.22331 -9.36672
1.77 -2.51895 -2.39052 7.95578 -9.39772
1.78 -2.54242 -2.3026 7.69359 -9.4266
1.79 -2.56502 -2.21761 7.43706 -9.4535
1.8 -2.58678 -2.13546 7.18643 -9.47853
1.81 -2.60773 -2.05609 6.94187 -9.50181
1.82 -2.62791 -1.97944 6.70354 -9.52347
1.83 -2.64733 -1.90543 6.47153 -9.54359
1.84 -2.66603 -1.83399 6.2459 -9.56229
1.85 -2.68402 -1.76504 6.02667 -9.57966
1.86 -2.70134 -1.69853 5.81386 -9.59579
1.87 -2.718 -1.63437 5.60742 -9.61076
1.88 -2.73403 -1.5725 5.40733 -9.62465
1.89 -2.74946 -1.51284 5.2135 -9.63753
1.9 -2.76429 -1.45532 5.02587 -9.64948
1.91 -2.77857 -1.39987 4.84433 -9.66056
1.92 -2.7923 -1.34643 4.66878 -9.67084
1.93 -2.8055 -1.29493 4.49911 -9.68036
1.94 -2.8182 -1.24531 4.33519 -9.68918
1.95 -2.83042 -1.19749 4.17691 -9.69736
1.96 -2.84216 -1.15142 4.02412 -9.70494
1.97 -2.85345 -1.10704 3.87669 -9.71195
1.98 -2.86431 -1.06429 3.73448 -9.71845
1.99 -2.87474 -1.0231 3.59735 -9.72447
2 -2.88477 -0.983431 3.46517 -9.73004
2.01 -2.89441 -0.945216 3.33778 -9.7352
2.02 -2.90368 -0.908407 3.21506 -9.73998
2.03 -2.91259 -0.872951 3.09687 -9.7444
2.04 -2.92114 -0.838798 2.98306 -9.74849
2.05 -2.92937 -0.8059 2.8735 -9.75228
2.06 -2.93727 -0.774209 2.76807 -9.75578
2.07 -2.94486 -0.743681 2.66662 -9.75903
2.08 -2.95214 -0.714271 2.56903 -9.76203
2.09 -2.95914 -0.685936 2.47518 -9.7648
2.1 -2.96587 -0.658635 2.38495 -9.76737
2.11 -2.97232 -0.632329 2.29821 -9.76975
2.12 -2.97852 -0.606977 2.21485 -9.77195
2.13 -2.98446 -0.582544 2.13476 -9.77398
2.14 -2.99017 -0.558993 2.05783 -9.77587
2.15 -2.99565 -0.53629 1.98396 -9.77761
2.16 -3.0009 -0.514399 1.91303 -9.77922
2.17 -3.00594 -0.493289 1.84496 -9.78071
2.18 -3.01077 -0.472929 1.77965 -9.78208
2.19 -3.0154 -0.453287 1.717 -9.78336
2.2 -3.01983 -0.434335 1.65693 -9.78453
2.21 -3.02409 -0.416044 1.59934 -9.78562
2.22 -3.02816 -0.398386 1.54417 -9.78663
2.23 -3.03206 -0.381335 1.49132 -9.78756
2.24 -3.03579 -0.364865 1.44072 -9.78842
2.25 -3.03935 -0.348951 1.3923 -9.78922
2.26 -3.04277 -0.333569 1.34599 -9.78995
2.27 -3.04603 -0.318696 1.30171 -9.79063
2.28 -3.04914 -0.304309 1.25941 -9.79126
2.29 -3.05212 -0.290387 1.21902 -9.79184
2.3 -3.05495 -0.276909 1.18048 -9.79237
2.31 -3.05766 -0.263853 1.14373 -9.79287
2.32 -3.06023 -0.2512 1.10873 -9.79332
2.33 -3.06268 -0.238932 1.07541 -9.79374
2.34 -3.06501 -0.227028 1.04372 -9.79413
2.35 -3.06722 -0.215471 1.01363 -9.79449
2.36 -3.06932 -0.204244 0.985081 -9.79482
2.37 -3.07131 -0.193329 0.958035 -9.79512
2.38 -3.07319 -0.18271 0.93245 -9.7954
2.39 -3.07496 -0.17237 0.908289 -9.79566
2.4 -3.07664 -0.162293 0.885514 -9.7959
2.41 -3.07821 -0.152465 0.864091 -9.79611
2.42 -3.07969 -0.142871 0.843988 -9.79631
2.43 -3.08107 -0.133495 0.825175 -9.79649
2.44 -3.08236 -0.124323 0.807623 -9.79666
2.45 -3.08356 -0.115341 0.791305 -9.79681
2.46 -3.08466 -0.106536 0.776198 -9.79695
2.47 -3.08569 -0.097894 0.762278 -9.79707
2.48 -3.08662 -0.0894018 0.749524 -9.79718
2.49 -3.08747 -0.0810465 0.737916 -9.79728
2.5 -3.08824 -0.0728152 0.727438 -9.79737
2.51 -3.08893 -0.0646954 0.718072 -9.79745
2.52 -3.08954 -0.0566746 0.709806 -9.79752
2.53 -3.09007 -0.0487406 0.702626 -9.79757
2.54 -3.09051 -0.0408812 0.696522 -9.79762
2.55 -3.09088 -0.0330844 0.691484 -9.79766
2.56 -3.09118 -0.0253383 0.687504 -9.7977
2.57 -3.09139 -0.017631 0.684578 -9.79772
2.58 -3.09153 -0.00995061 0.682699 -9.79773
2.59 -3.09159 -0.0022855 0.681865 -9.79774
2.6 -3.09157 0.00537612 0.682076 -9.79774
2.61 -3.09148 0.013046 0.683331 -9.79773
2.62 -3.09131 0.0207358 0.685632 -9.79771
2.63 -3.09107 0.0284574 0.688983 -9.79768
2.64 -3.09074 0.0362225 0.693388 -9.79765
2.65 -3.09034 0.0440431 0.698855 -9.7976
2.66 -3.08986 0.0519311 0.705392 -9.79755
2.67 -3.0893 0.0598986 0.713009 -9.79749
2.68 -3.08866 0.0679579 0.721717 -9.79742
2.69 -3.08794 0.0761211 0.731529 -9.79733
2.7 -3.08714 0.0844009 0.742461 -9.79724
2.71 -3.08626 0.0928099 0.754529 -9.79714
2.72 -3.08528 0.101361 0.767751 -9.79702
2.73 -3.08423 0.110067 0.782147 -9.79689
2.74 -3.08308 0.118942 0.79774 -9.79675
2.75 -3.08185 0.127998 0.814552 -9.79659
2.76 -3.08052 0.137251 0.83261 -9.79642
2.77 -3.0791 0.146714 0.851939 -9.79623
2.78 -3.07759 0.156401 0.872571 -9.79603
2.79 -3.07597 0.166327 0.894535 -9.7958
2.8 -3.07426 0.176508 0.917865 -9.79556
2.81 -3.07244 0.186958 0.942597 -9.79529
2.82 -3.07052 0.197695 0.968766 -9.795
2.83 -3.06849 0.208734 0.996413 -9.79469
2.84 -3.06634 0.220092 1.02558 -9.79435
2.85 -3.06408 0.231786 1.05631 -9.79398
2.86 -3.06171 0.243835 1.08865 -9.79358
2.87 -3.05921 0.256257 1.12264 -9.79314
2.88 -3.05658 0.269069 1.15834 -9.79267
2.89 -3.05382 0.282293 1.19581 -9.79216
2.9 -3.05093 0.295948 1.23509 -9.79161
2.91 -3.0479 0.310055 1.27624 -9.79101
2.92 -3.04473 0.324635 1.31933 -9.79036
2.93 -3.04141 0.339711 1.36442 -9.78966
2.94 -3.03793 0.355304 1.41158 -9.7889
2.95 -3.0343 0.371439 1.46087 -9.78808
2.96 -3.0305 0.388141 1.51236 -9.78719
2.97 -3.02654 0.405434 1.56614 -9.78623
2.98 -3.02239 0.423344 1.62228 -9.78519
2.99 -3.01807 0.441898 1.68085 -9.78407
3 -3.01355 0.461125 1.74195 -9.78286
3.01 -3.00884 0.481053 1.80567 -9.78154
3.02 -3.00393 0.501712 1.87208 -9.78012
3.03 -2.99881 0.523133 1.94129 -9.77858
3.04 -2.99346 0.545347 2.01339 -9.77692
3.05 -2.9879 0.568389 2.08849 -9.77513
3.06 -2.98209 0.592291 2.16668 -9.77318
3.07 -2.97605 0.61709 2.24807 -9.77108
3.08 -2.96975 0.642822 2.33278 -9.76881
3.09 -2.96319 0.669525 2.42092 -9.76636
3.1 -2.95635 0.697238 2.5126 -9.76371
3.11 -2.94924 0.726002 2.60794 -9.76084
3.12 -2.94183 0.755858 2.70707 -9.75775
3.13 -2.93412 0.786849 2.81011 -9.7544
3.14 -2.92609 0.819021 2.91719 -9.75078
3.15 -2.91773 0.85242 3.02845 -9.74688
3.16 -2.90904 0.887092 3.14401 -9.74265
3.17 -2.89999 0.923088 3.26401 -9.73809
3.18 -2.89057 0.960458 3.38859 -9.73317
3.19 -2.88077 0.999254 3.5179 -9.72784
3.2 -2.87058 1.03953 3.65206 -9.7221
3.21 -2.85998 1.08134 3.79122 -9.71589
3.22 -2.84895 1.12475 3.93552 -9.70919
3.23 -2.83748 1.1698 4.08509 -9.70195
3.24 -2.82555 1.21657 4.24008 -9.69414
3.25 -2.81314 1.2651 4.40062 -9.68571
3.26 -2.80024 1.31548 4.56685 -9.67661
3.27 -2.78682 1.36775 4.73887 -9.66679
3.28 -2.77288 1.42199 4.91682 -9.6562
3.29 -2.75838 1.47826 5.10081 -9.64477
3.3 -2.74331 1.53664 5.29093 -9.63245
3.31 -2.72764 1.59718 5.48728 -9.61917
3.32 -2.71135 1.65997 5.68992 -9.60485
3.33 -2.69443 1.72507 5.89893 -9.58943
3.34 -2.67684 1.79256 6.11433 -9.57281
3.35 -2.65857 1.8625 6.33613 -9.55492
3.36 -2.63959 1.93497 6.56435 -9.53565
3.37 -2.61986 2.01003 6.79892 -9.51492
3.38 -2.59938 2.08777 7.03977 -9.49262
3.39 -2.5781 2.16825 7.2868 -9.46865
3.4 -2.556 2.25154 7.53983 -9.44288
3.41 -2.53306 2.33771 7.79868 -9.4152
3.42 -2.50924 2.42682 8.06306 -9.38548
3.43 -2.48451 2.51892 8.33266 -9.35359
3.44 -2.45885 2.61408 8.60708 -9.3194
3.45 -2.43222 2.71236 8.88584 -9.28276
3.46 -2.40459 2.81378 9.1684 -9.24352
3.47 -2.37593 2.9184 9.45409 -9.20155
3.48 -2.34621 3.02624 9.74217 -9.15667
3.49 -2.3154 3.13733 10.0318 -9.10874
3.5 -2.28346 3.25168 10.3219 -9.0576
3.51 -2.25035 3.36928 10.6115 -9.0031
3.52 -2.21606 3.49013 10.8992 -8.94507
3.53 -2.18054 3.61419 11.1837 -8.88337
3.54 -2.14376 3.74143 11.4633 -8.81786
3.55 -2.1057 3.87177 11.7365 -8.7484
3.56 -2.06632 4.00514 12.0012 -8.67486
3.57 -2.02559 4.14142 12.2553 -8.59714
3.58 -1.98348 4.28049 12.4967 -8.51516
3.59 -1.93997 4.42219 12.7229 -8.42884
3.6 -1.89503 4.56633 12.9312 -8.33814
3.61 -1.84864 4.7127 13.1189 -8.24307
3.62 -1.80077 4.86105 13.2829 -8.14365
3.63 -1.75141 5.01109 13.4201 -8.03997
3.64 -1.70054 5.16251 13.5274 -7.93213
3.65 -1.64816 5.31496 13.6012 -7.82033
3.66 -1.59424 5.46802 13.6383 -7.70479
3.67 -1.53879 5.62128 13.635 -7.58582
3.68 -1.48182 5.77426 13.5881 -7.46379
3.69 -1.42331 5.92646 13.4939 -7.33914
3.7 -1.36329 6.07731 13.3494 -7.21238
3.71 -1.30177 6.22624 13.1513 -7.08411
3.72 -1.23878 6.37263 12.897 -6.95501
3.73 -1.17433 6.51584 12.5838 -6.82581
3.74 -1.10847 6.65519 12.2099 -6.69733
3.75 -1.04124 6.78999 11.7735 -6.57047
3.76 -0.972689 6.91953 11.2738 -6.44615
3.77 -0.902871 7.04309 10.7105 -6.32538
3.78 -0.83185 7.15997 10.0839 -6.20917
3.79 -0.759696 7.26946 9.39528 -6.09858
3.8 -0.686488 7.37088 8.64665 -5.99465
3.81 -0.612308 7.46356 7.84086 -5.89841
3.82 -0.537248 7.54688 6.98163 -5.81087
3.83 -0.461403 7.62026 6.0735 -5.73295
3.84 -0.384877 7.6832 5.12184 -5.66553
3.85 -0.307776 7.73522 4.13271 -5.60939
3.86 -0.23021 7.77595 3.11287 -5.56516
3.87 -0.152295 7.80509 2.0696 -5.53339
3.88 -0.0741481 7.8224 1.0106 -5.51444
3.89 0.00411268 7.82777 -0.0561052 -5.50857
3.9 0.0823672 7.82114 -1.12239 -5.51582
3.91 0.160496 7.80258 -2.1801 -5.53613
3.92 0.238379 7.77221 -3.22127 -5.56923
3.93 0.315901 7.73028 -4.23822 -5.61473
3.94 0.392947 7.67709 -5.22371 -5.6721
3.95 0.469407 7.61304 -6.17107 -5.74066
3.96 0.545173 7.53858 -7.0743 -5.81963
3.97 0.620146 7.45425 -7.92812 -5.90813
3.98 0.694227 7.36062 -8.72806 -6.00523
3.99 0.767329 7.25833 -9.47051 -6.10991
4 0.839367 7.14803 -10.1527 -6.22114
4.01 0.910265 7.03041 -10.7727 -6.33787
4.02 0.979953 6.90618 -11.3293 -6.45907
4.03 1.04837 6.77606 -11.8223 -6.58369
4.04 1.11546 6.64075 -12.2521 -6.71077
4.05 1.18117 6.50096 -12.6196 -6.83936
4.06 1.24546 6.35739 -12.9264 -6.96859
4.07 1.30831 6.2107 -13.1747 -7.09764
4.08 1.36967 6.06154 -13.367 -7.22578
4.09 1.42953 5.91052 -13.5061 -7.35235
4.1 1.48788 5.75822 -13.5952 -7.47675
4.11 1.54469 5.60518 -13.6374 -7.59847
4.12 1.59998 5.45192 -13.6362 -7.7171
4.13 1.65373 5.2989 -13.5951 -7.83226
4.14 1.70596 5.14655 -13.5176 -7.94365
4.15 1.75667 4.99526 -13.4071 -8.05106
4.16 1.80587 4.84538 -13.2668 -8.1543
4.17 1.85358 4.69722 -13.1002 -8.25327
4.18 1.89982 4.55108 -12.9102 -8.34788
4.19 1.94461 4.40718 -12.6999 -8.43811
4.2 1.98797 4.26575 -12.4721 -8.52397
4.21 2.02993 4.12697 -12.2292 -8.60551
4.22 2.07052 3.99099 -11.9738 -8.68278
4.23 2.10976 3.85793 -11.7081 -8.75588
4.24 2.14769 3.72791 -11.4342 -8.82493
4.25 2.18433 3.60101 -11.154 -8.89003
4.26 2.21972 3.47728 -10.8691 -8.95134
4.27 2.25389 3.35677 -10.5811 -9.00899
4.28 2.28687 3.23951 -10.2914 -9.06313
4.29 2.31869 3.1255 -10.0013 -9.11393
4.3 2.34939 3.01476 -9.71181 -9.16153
4.31 2.37899 2.90725 -9.42395 -9.20609
4.32 2.40754 2.80297 -9.13855 -9.24777
4.33 2.43506 2.70188 -8.85636 -9.28673
4.34 2.46159 2.60394 -8.57803 -9.3231
4.35 2.48715 2.5091 -8.3041 -9.35705
4.36 2.51178 2.41731 -8.03503 -9.3887
4.37 2.53551 2.32852 -7.77121 -9.4182
4.38 2.55836 2.24266 -7.51297 -9.44567
4.39 2.58037 2.15967 -7.26055 -9.47125
4.4 2.60157 2.07948 -7.01417 -9.49504
4.41 2.62197 2.00202 -6.77397 -9.51717
4.42 2.64162 1.92723 -6.54007 -9.53775
4.43 2.66052 1.85503 -6.31253 -9.55686
4.44 2.67872 1.78535 -6.09139 -9.57462
4.45 2.69624 1.71812 -5.87666 -9.5911
4.46 2.71309 1.65327 -5.66833 -9.60641
4.47 2.72931 1.59072 -5.46635 -9.62061
4.48 2.74492 1.5304 -5.27066 -9.63379
4.49 2.75993 1.47225 -5.08119 -9.64601
4.5 2.77437 1.4162 -4.89784 -9.65735
4.51 2.78826 1.36217 -4.72052 -9.66786
4.52 2.80162 1.3101 -4.54911 -9.6776
4.53 2.81447 1.25992 -4.38349 -9.68662
4.54 2.82682 1.21157 -4.22354 -9.69499
4.55 2.8387 1.16499 -4.06912 -9.70274
4.56 2.85013 1.12011 -3.92011 -9.70992
4.57 2.86111 1.07687 -3.77635 -9.71656
4.58 2.87167 1.03523 -3.63773 -9.72272
4.59 2.88182 0.995109 -3.50408 -9.72842
4.6 2.89158 0.956465 -3.37528 -9.7337
4.61 2.90096 0.919242 -3.25119 -9.73859
4.62 2.90997 0.883388 -3.13166 -9.74311
4.63 2.91863 0.848851 -3.01655 -9.7473
4.64 2.92695 0.815584 -2.90574 -9.75118
4.65 2.93494 0.783538 -2.79909 -9.75476
4.66 2.94262 0.752668 -2.69647 -9.75808
4.67 2.95 0.722929 -2.59774 -9.76116
4.68 2.95709 0.694277 -2.50279 -9.764
4.69 2.96389 0.666672 -2.41149 -9.76663
4.7 2.97042 0.640073 -2.32372 -9.76906
4.71 2.97669 0.614441 -2.23937 -9.77131
4.72 2.98271 0.589738 -2.15831 -9.77339
4.73 2.98849 0.565928 -2.08045 -9.77532
4.74 2.99404 0.542975 -2.00568 -9.7771
4.75 2.99935 0.520845 -1.93388 -9.77875
4.76 3.00446 0.499506 -1.86497 -9.78027
4.77 3.00935 0.478925 -1.79885 -9.78168
4.78 3.01404 0.459072 -1.73541 -9.78299
4.79 3.01853 0.439917 -1.67458 -9.78419
4.8 3.02284 0.421432 -1.61626 -9.78531
4.81 3.02696 0.403588 -1.56038 -9.78634
4.82 3.03091 0.386358 -1.50685 -9.78729
4.83 3.03469 0.369718 -1.45558 -9.78817
4.84 3.03831 0.35364 -1.40652 -9.78899
4.85 3.04177 0.338102 -1.35959 -9.78974
4.86 3.04507 0.32308 -1.31471 -9.79043
4.87 3.04823 0.308551 -1.27183 -9.79108
4.88 3.05124 0.294492 -1.23087 -9.79167
4.89 3.05412 0.280884 -1.19179 -9.79222
4.9 3.05686 0.267704 -1.15451 -9.79272
4.91 3.05948 0.254933 -1.11899 -9.79319
4.92 3.06196 0.242552 -1.08517 -9.79362
4.93 3.06433 0.230541 -1.053 -9.79402
4.94 3.06657 0.218883 -1.02244 -9.79439
4.95 3.06871 0.207559 -0.993438 -9.79472
4.96 3.07073 0.196553 -0.965948 -9.79504
4.97 3.07264 0.185847 -0.939932 -9.79532
4.98 3.07444 0.175425 -0.915349 -9.79559
4.99 3.07615 0.165272 -0.892164 -9.79583
5 3.07775 0.155371 -0.870342 -9.79605
5.01 3.07926 0.145709 -0.849848 -9.79625
5.02 3.08067 0.136269 -0.830654 -9.79644
5.03 3.08198 0.127038 -0.812728 -9.79661
5.04 3.08321 0.118001 -0.796045 -9.79677
5.05 3.08434 0.109144 -0.78058 -9.79691
5.06 3.08539 0.100455 -0.766308 -9.79703
5.07 3.08635 0.0919196 -0.753208 -9.79715
5.08 3.08723 0.0835247 -0.74126 -9.79725
5.09 3.08802 0.0752578 -0.730447 -9.79734
5.1 3.08873 0.067106 -0.720751 -9.79742
5.11 3.08937 0.059057 -0.712159 -9.7975
5.12 3.08992 0.0510984 -0.704656 -9.79756
5.13 3.09039 0.043218 -0.698232 -9.79761
5.14 3.09078 0.0354038 -0.692877 -9.79765
5.15 3.0911 0.0276437 -0.688582 -9.79769
5.16 3.09133 0.019926 -0.685342 -9.79771
5.17 3.09149 0.0122389 -0.683151 -9.79773
5.18 3.09158 0.00457042 -0.682006 -9.79774
5.19 3.09159 -0.00309103 -0.681905 -9.79774
5.2 3.09152 -0.0107572 -0.682849 -9.79773
5.21 3.09137 -0.0184399 -0.684838 -9.79772
5.22 3.09115 -0.0261507 -0.687875 -9.79769
5.23 3.09085 -0.0339017 -0.691965 -9.79766
5.24 3.09047 -0.0417045 -0.697115 -9.79762
5.25 3.09001 -0.0495712 -0.703332 -9.79757
5.26 3.08948 -0.0575137 -0.710625 -9.79751
5.27 3.08886 -0.0655444 -0.719007 -9.79744
5.28 3.08817 -0.0736753 -0.728488 -9.79736
5.29 3.08739 -0.0819191 -0.739085 -9.79727
5.3 3.08653 -0.0902882 -0.750812 -9.79717
5.31 3.08558 -0.0987955 -0.763688 -9.79706
5.32 3.08455 -0.107454 -0.777732 -9.79693
5.33 3.08343 -0.116277 -0.792965 -9.79679
5.34 3.08223 -0.125278 -0.809411 -9.79664
5.35 3.08093 -0.134471 -0.827095 -9.79647
5.36 3.07954 -0.143869 -0.846042 -9.79629
5.37 3.07805 -0.153488 -0.866282 -9.79609
5.38 3.07646 -0.163341 -0.887846 -9.79587
5.39 3.07478 -0.173444 -0.910765 -9.79563
5.4 3.073 -0.183813 -0.935075 -9.79537
5.41 3.0711 -0.194463 -0.960811 -9.79509
5.42 3.0691 -0.20541 -0.988014 -9.79479
5.43 3.06699 -0.216671 -1.01672 -9.79445
5.44 3.06477 -0.228263 -1.04698 -9.79409
5.45 3.06243 -0.240205 -1.07883 -9.7937
5.46 3.05997 -0.252513 -1.11233 -9.79328
5.47 3.05738 -0.265207 -1.14752 -9.79282
5.48 3.05466 -0.278306 -1.18445 -9.79232
5.49 3.05181 -0.291831 -1.22318 -9.79178
5.5 3.04882 -0.305801 -1.26377 -9.79119
5.51 3.04569 -0.320237 -1.30628 -9.79056
5.52 3.04242 -0.335163 -1.35077 -9.78988
5.53 3.03899 -0.350599 -1.3973 -9.78914
5.54 3.0354 -0.36657 -1.44594 -9.78833
5.55 3.03165 -0.3831 -1.49677 -9.78747
5.56 3.02774 -0.400214 -1.54986 -9.78653
5.57 3.02365 -0.417938 -1.60529 -9.78551
5.58 3.01938 -0.436297 -1.66313 -9.78442
5.59 3.01492 -0.455321 -1.72347 -9.78323
5.6 3.01027 -0.475036 -1.78639 -9.78194
5.61 3.00542 -0.495474 -1.85199 -9.78056
5.62 3.00036 -0.516665 -1.92036 -9.77905
5.63 2.99508 -0.538639 -1.99159 -9.77743
5.64 2.98958 -0.56143 -2.06578 -9.77568
5.65 2.98385 -0.585073 -2.14304 -9.77378
5.66 2.97788 -0.6096 -2.22346 -9.77173
5.67 2.97165 -0.63505 -2.30717 -9.76951
5.68 2.96517 -0.66146 -2.39427 -9.76711
5.69 2.95842 -0.688867 -2.48488 -9.76452
5.7 2.95139 -0.717313 -2.57912 -9.76172
5.71 2.94407 -0.746839 -2.67711 -9.7587
5.72 2.93645 -0.777488 -2.77897 -9.75543
5.73 2.92852 -0.809303 -2.88483 -9.75189
5.74 2.92026 -0.842331 -2.99483 -9.74807
5.75 2.91167 -0.876618 -3.10909 -9.74395
5.76 2.90272 -0.912215 -3.22776 -9.73949
5.77 2.89342 -0.949169 -3.35096 -9.73468
5.78 2.88374 -0.987535 -3.47884 -9.72947
5.79 2.87366 -1.02736 -3.61154 -9.72386
5.8 2.86318 -1.06871 -3.74919 -9.71779
5.81 2.85228 -1.11163 -3.89195 -9.71124
5.82 2.84095 -1.15619 -4.03994 -9.70417
5.83 2.82915 -1.20244 -4.1933 -9.69653
5.84 2.81689 -1.25044 -4.35217 -9.68829
5.85 2.80414 -1.30026 -4.51669 -9.67939
5.86 2.79088 -1.35196 -4.68697 -9.66979
5.87 2.77709 -1.40561 -4.86314 -9.65944
5.88 2.76276 -1.46127 -5.04532 -9.64827
5.89 2.74786 -1.51901 -5.2336 -9.63622
5.9 2.73237 -1.5789 -5.42808 -9.62323
5.91 2.71627 -1.64101 -5.62884 -9.60924
5.92 2.69954 -1.70542 -5.83594 -9.59415
5.93 2.68216 -1.77218 -6.04943 -9.5779
5.94 2.66409 -1.84138 -6.26933 -9.56039
5.95 2.64532 -1.91309 -6.49564 -9.54155
5.96 2.62582 -1.98738 -6.72832 -9.52126
5.97 2.60557 -2.06431 -6.96731 -9.49944
5.98 2.58453 -2.14397 -7.21251 -9.47598
5.99 2.56268 -2.22641 -7.46377 -9.45076
6 2.53999 -2.31171 -7.72091 -9.42366
6.01 2.51643 -2.39994 -7.98367 -9.39456
6.02 2.49198 -2.49114 -8.25176 -9.36333
6.03 2.4666 -2.58539 -8.52478 -9.32984
6.04 2.44026 -2.68273 -8.80231 -9.29395
6.05 2.41294 -2.78321 -9.0838 -9.2555
6.06 2.38459 -2.88687 -9.36863 -9.21436
6.07 2.35519 -2.99375 -9.65608 -9.17036
6.08 2.3247 -3.10387 -9.94533 -9.12336
6.09 2.2931 -3.21724 -10.2354 -9.07319
6.1 2.26035 -3.33388 -10.5253 -9.01971
6.11 2.22641 -3.45376 -10.8137 -8.96275
6.12 2.19126 -3.57687 -11.0993 -8.90216
6.13 2.15486 -3.70317 -11.3806 -8.8378
6.14 2.11719 -3.83259 -11.6558 -8.76953
6.15 2.0782 -3.96507 -11.9233 -8.69722
6.16 2.03788 -4.10049 -12.1808 -8.62076
6.17 1.99618 -4.23875 -12.4263 -8.54005
6.18 1.95309 -4.37968 -12.6572 -8.45503
6.19 1.90858 -4.52311 -12.8711 -8.36564
6.2 1.86262 -4.66884 -13.0653 -8.27187
6.21 1.8152 -4.81663 -13.2366 -8.17375
6.22 1.76628 -4.9662 -13.3822 -8.07132
6.23 1.71587 -5.11724 -13.4987 -7.96471
6.24 1.66393 -5.26942 -13.5829 -7.85406
6.25 1.61048 -5.42234 -13.6313 -7.73961
6.26 1.55549 -5.57559 -13.6404 -7.62163
6.27 1.49896 -5.72871 -13.6069 -7.50047
6.28 1.44091 -5.88119 -13.5271 -7.37655
6.29 1.38134 -6.03251 -13.3979 -7.25036
6.3 1.32027 -6.18207 -13.2162 -7.12248
6.31 1.25771 -6.32929 -12.9789 -6.99355
6.32 1.19369 -6.47352 -12.6835 -6.86429
6.33 1.12825 -6.61409 -12.3278 -6.73551
6.34 1.06143 -6.75031 -11.9102 -6.60807
6.35 0.993263 -6.8815 -11.4295 -6.48289
6.36 0.923816 -7.00692 -10.8851 -6.36096
6.37 0.853147 -7.12587 -10.2773 -6.24328
6.38 0.781323 -7.23763 -9.60698 -6.13091
6.39 0.70842 -7.34153 -8.87598 -6.02488
6.4 0.634521 -7.43688 -8.08688 -5.92624
6.41 0.559713 -7.52305 -7.24315 -5.836
6.42 0.484092 -7.59945 -6.34907 -5.75512
6.43 0.407759 -7.66556 -5.40978 -5.68449
6.44 0.330817 -7.72088 -4.43115 -5.62491
6.45 0.253378 -7.76501 -3.41973 -5.57706
6.46 0.175556 -7.79763 -2.38265 -5.54153
6.47 0.0974651 -7.81848 -1.32752 -5.51873
6.48 0.0192256 -7.82742 -0.26226 -5.50894
6.49 -0.0590434 -7.82437 0.805003 -5.51229
6.5 -0.137222 -7.80935 1.86612 -5.52872
6.51 -0.215191 -7.78249 2.91304 -5.55804
6.52 -0.292833 -7.74398 3.93799 -5.5999
6.53 -0.370033 -7.6941 4.93358 -5.65379
6.54 -0.446678 -7.63324 5.89298 -5.71909
6.55 -0.522662 -7.56184 6.80995 -5.79504
6.56 -0.597882 -7.48039 7.679 -5.8808
6.57 -0.672238 -7.38947 8.49542 -5.97544
6.58 -0.745641 -7.28969 9.25534 -6.07797
6.59 -0.818005 -7.18171 9.95573 -6.18735
6.6 -0.889251 -7.0662 10.5944 -6.30256
6.61 -0.959306 -6.94387 11.17 -6.42253
6.62 -1.02811 -6.81543 11.682 -6.54624
6.63 -1.0956 -6.68159 12.1305 -6.67268
6.64 -1.16172 -6.54307 12.5164 -6.80092
6.65 -1.22644 -6.40055 12.8412 -6.93005
6.66 -1.28972 -6.25472 13.1067 -7.05923
6.67 -1.35153 -6.10623 13.3154 -7.18771
6.68 -1.41184 -5.9557 13.47 -7.31481
6.69 -1.47064 -5.80373 13.5737 -7.43991
6.7 -1.52791 -5.65086 13.6295 -7.56249
6.71 -1.58366 -5.49761 13.6409 -7.68208
6.72 -1.63787 -5.34447 13.6114 -7.7983
6.73 -1.69055 -5.19188 13.5443 -7.91085
6.74 -1.74171 -5.04023 13.4433 -8.01946
6.75 -1.79136 -4.8899 13.3116 -8.12396
6.76 -1.83951 -4.7412 13.1525 -8.22421
6.77 -1.88619 -4.59443 12.9691 -8.32013
6.78 -1.93141 -4.44984 12.7646 -8.41167
6.79 -1.97519 -4.30765 12.5417 -8.49883
6.8 -2.01757 -4.16806 12.303 -8.58165
6.81 -2.05856 -4.03123 12.0511 -8.66018
6.82 -2.0982 -3.89729 11.7883 -8.73452
6.83 -2.13652 -3.76636 11.5166 -8.80476
6.84 -2.17354 -3.63851 11.2381 -8.87102
6.85 -2.2093 -3.51383 10.9544 -8.93345
6.86 -2.24383 -3.39236 10.6672 -8.99217
6.87 -2.27716 -3.27413 10.3779 -9.04735
6.88 -2.30932 -3.15915 10.0878 -9.09912
6.89 -2.34035 -3.04744 9.798 -9.14766
6.9 -2.37028 -2.93897 9.50955 -9.19311
6.91 -2.39914 -2.83373 9.22334 -9.23564
6.92 -2.42696 -2.73169 8.94012 -9.27539
6.93 -2.45378 -2.63281 8.66058 -9.31252
6.94 -2.47963 -2.53706 8.38528 -9.34717
6.95 -2.50454 -2.44436 8.11472 -9.3795
6.96 -2.52853 -2.35468 7.8493 -9.40962
6.97 -2.55164 -2.26795 7.58937 -9.43769
6.98 -2.5739 -2.18411 7.33519 -9.46382
6.99 -2.59533 -2.1031 7.08699 -9.48813
7 -2.61597 -2.02483 6.84493 -9.51074
7.01 -2.63584 -1.94925 6.60914 -9.53177
7.02 -2.65496 -1.87629 6.3797 -9.55131
7.03 -2.67337 -1.80587 6.15665 -9.56946
7.04 -2.69109 -1.73791 5.94001 -9.58632
7.05 -2.70814 -1.67236 5.72978 -9.60197
7.06 -2.72454 -1.60913 5.52591 -9.61649
7.07 -2.74033 -1.54816 5.32835 -9.62996
7.08 -2.75551 -1.48937 5.13704 -9.64246
7.09 -2.77012 -1.43269 4.95187 -9.65406
7.1 -2.78417 -1.37807 4.77277 -9.6648
7.11 -2.79769 -1.32542 4.5996 -9.67477
7.12 -2.81069 -1.27468 4.43227 -9.684
7.13 -2.82319 -1.2258 4.27064 -9.69256
7.14 -2.83521 -1.17869 4.11459 -9.70049
7.15 -2.84677 -1.13331 3.96398 -9.70783
7.16 -2.85788 -1.0896 3.81867 -9.71463
7.17 -2.86857 -1.04748 3.67853 -9.72093
7.18 -2.87884 -1.00691 3.54342 -9.72677
7.19 -2.88871 -0.967836 3.41319 -9.73217
7.2 -2.8982 -0.930195 3.2877 -9.73717
7.21 -2.90732 -0.893937 3.16683 -9.7418
7.22 -2.91608 -0.859013 3.05042 -9.74609
7.23 -2.9245 -0.825372 2.93834 -9.75005
7.24 -2.93259 -0.792967 2.83046 -9.75372
7.25 -2.94037 -0.761751 2.72665 -9.75712
7.26 -2.94783 -0.731679 2.62678 -9.76027
7.27 -2.955 -0.702708 2.53071 -9.76317
7.28 -2.96189 -0.674796 2.43834 -9.76587
7.29 -2.9685 -0.647901 2.34953 -9.76836
7.3 -2.97485 -0.621984 2.26417 -9.77066
7.31 -2.98095 -0.597008 2.18214 -9.77279
7.32 -2.98679 -0.572935 2.10334 -9.77476
7.33 -2.99241 -0.54973 2.02766 -9.77659
7.34 -2.99779 -0.527359 1.95498 -9.77827
7.35 -3.00296 -0.505787 1.88522 -9.77983
7.36 -3.00791 -0.484984 1.81828 -9.78128
7.37 -3.01266 -0.464917 1.75405 -9.78261
7.38 -3.01721 -0.445557 1.69245 -9.78384
7.39 -3.02157 -0.426875 1.63339 -9.78498
7.4 -3.02575 -0.408842 1.57679 -9.78604
7.41 -3.02975 -0.391432 1.52257 -9.78701
7.42 -3.03358 -0.374619 1.47064 -9.78792
7.43 -3.03725 -0.358376 1.42093 -9.78875
7.44 -3.04075 -0.34268 1.37336 -9.78952
7.45 -3.0441 -0.327506 1.32788 -9.79023
7.46 -3.0473 -0.312832 1.28441 -9.79089
7.47 -3.05036 -0.298636 1.24289 -9.7915
7.48 -3.05328 -0.284895 1.20325 -9.79206
7.49 -3.05606 -0.27159 1.16544 -9.79258
7.5 -3.05871 -0.258699 1.1294 -9.79306
7.51 -3.06123 -0.246203 1.09508 -9.7935
7.52 -3.06363 -0.234084 1.06243 -9.7939
7.53 -3.06592 -0.222323 1.03139 -9.79428
7.54 -3.06808 -0.210901 1.00193 -9.79463
7.55 -3.07014 -0.199802 0.973989 -9.79495
7.56 -3.07208 -0.189008 0.947537 -9.79524
7.57 -3.07392 -0.178503 0.922531 -9.79551
7.58 -3.07565 -0.168272 0.898934 -9.79576
7.59 -3.07728 -0.158298 0.876708 -9.79599
7.6 -3.07882 -0.148565 0.855822 -9.79619
7.61 -3.08026 -0.139061 0.836243 -9.79639
7.62 -3.0816 -0.129769 0.817942 -9.79656
7.63 -3.08285 -0.120675 0.800892 -9.79672
7.64 -3.08401 -0.111767 0.785066 -9.79687
7.65 -3.08509 -0.103029 0.77044 -9.797
7.66 -3.08607 -0.0944488 0.756993 -9.79712
7.67 -3.08698 -0.0860134 0.744704 -9.79722
7.68 -3.0878 -0.0777096 0.733554 -9.79732
7.69 -3.08853 -0.0695248 0.723527 -9.7974
7.7 -3.08919 -0.0614465 0.714607 -9.79748
7.71 -3.08976 -0.0534622 0.706781 -9.79754
7.72 -3.09026 -0.0455597 0.700036 -9.79759
7.73 -3.09067 -0.037727 0.694363 -9.79764
7.74 -3.09101 -0.029952 0.689754 -9.79768
7.75 -3.09127 -0.022223 0.6862 -9.79771
7.76 -3.09145 -0.0145279 0.683696 -9.79773
7.77 -3.09156 -0.00685507 0.68224 -9.79774
7.78 -3.09159 0.000807251 0.681828 -9.79774
7.79 -3.09155 0.00847081 0.68246 -9.79773
7.8 -3.09142 0.0161473 0.684137 -9.79772
7.81 -3.09122 0.0238486 0.686861 -9.7977
7.82 -3.09095 0.0315864 0.690637 -9.79767
7.83 -3.09059 0.0393725 0.69547 -9.79763
7.84 -3.09016 0.0472189 0.701368 -9.79758
7.85 -3.08965 0.0551376 0.70834 -9.79753
7.86 -3.08905 0.0631407 0.716395 -9.79746
7.87 -3.08838 0.0712405 0.725548 -9.79738
7.88 -3.08763 0.0794493 0.73581 -9.7973
7.89 -3.08679 0.0877797 0.747199 -9.7972
7.9 -3.08587 0.0962446 0.75973 -9.79709
7.91 -3.08487 0.104857 0.773424 -9.79697
7.92 -3.08378 0.113629 0.7883 -9.79684
7.93 -3.08259 0.122576 0.804383 -9.79669
7.94 -3.08132 0.13171 0.821694 -9.79653
7.95 -3.07996 0.141046 0.840262 -9.79635
7.96 -3.0785 0.150597 0.860114 -9.79615
7.97 -3.07695 0.160379 0.88128 -9.79594
7.98 -3.07529 0.170406 0.903791 -9.79571
7.99 -3.07354 0.180694 0.927683 -9.79545
8 -3.07168 0.191258 0.95299 -9.79518
8.01 -3.06971 0.202115 0.979751 -9.79488
8.02 -3.06764 0.213281 1.00801 -9.79456
8.03 -3.06545 0.224773 1.0378 -9.7942
8.04 -3.06314 0.236608 1.06917 -9.79382
8.05 -3.06071 0.248805 1.10217 -9.79341
8.06 -3.05816 0.261382 1.13685 -9.79296
8.07 -3.05548 0.274359 1.17326 -9.79247
8.08 -3.05267 0.287754 1.21145 -9.79194
8.09 -3.04973 0.301589 1.25148 -9.79137
8.1 -3.04664 0.315884 1.29341 -9.79076
8.11 -3.04341 0.330662 1.3373 -9.79009
8.12 -3.04002 0.345944 1.38321 -9.78936
8.13 -3.03649 0.361753 1.43122 -9.78858
8.14 -3.03279 0.378114 1.48139 -9.78773
8.15 -3.02892 0.395051 1.5338 -9.78682
8.16 -3.02488 0.41259 1.58852 -9.78582
8.17 -3.02067 0.430757 1.64563 -9.78475
8.18 -3.01627 0.44958 1.70522 -9.78359
8.19 -3.01167 0.469086 1.76736 -9.78234
8.2 -3.00688 0.489306 1.83216 -9.78098
8.21 -3.00189 0.510268 1.89969 -9.77951
8.22 -2.99668 0.532006 1.97005 -9.77793
8.23 -2.99124 0.55455 2.04335 -9.77621
8.24 -2.98558 0.577935 2.11968 -9.77436
8.25 -2.97968 0.602195 2.19916 -9.77236
8.26 -2.97353 0.627367 2.28188 -9.77019
8.27 -2.96713 0.653486 2.36795 -9.76785
8.28 -2.96046 0.680592 2.45751 -9.76532
8.29 -2.95352 0.708724 2.55065 -9.76258
8.3 -2.94628 0.737924 2.64751 -9.75962
8.31 -2.93875 0.768233 2.7482 -9.75643
8.32 -2.93092 0.799696 2.85286 -9.75297
8.33 -2.92276 0.832358 2.96161 -9.74924
8.34 -2.91426 0.866265 3.07459 -9.74521
8.35 -2.90543 0.901466 3.19192 -9.74086
8.36 -2.89623 0.93801 3.31376 -9.73615
8.37 -2.88666 0.97595 3.44023 -9.73107
8.38 -2.87671 1.01534 3.57148 -9.72558
8.39 -2.86635 1.05623 3.70764 -9.71965
8.4 -2.85558 1.09867 3.84886 -9.71324
8.41 -2.84437 1.14274 3.99527 -9.70633
8.42 -2.83272 1.18848 4.14702 -9.69887
8.43 -2.8206 1.23595 4.30424 -9.69081
8.44 -2.80799 1.28522 4.46706 -9.68211
8.45 -2.79488 1.33635 4.63561 -9.67273
8.46 -2.78126 1.38941 4.81001 -9.66261
8.47 -2.76709 1.44447 4.99039 -9.65169
8.48 -2.75236 1.50158 5.17684 -9.63991
8.49 -2.73705 1.56082 5.36947 -9.62721
8.5 -2.72114 1.62227 5.56835 -9.61352
8.51 -2.7046 1.68598 5.77355 -9.59876
8.52 -2.68741 1.75203 5.98514 -9.58287
8.53 -2.66955 1.8205 6.20312 -9.56574
8.54 -2.65099 1.89145 6.42752 -9.54731
8.55 -2.63171 1.96496 6.65831 -9.52746
8.56 -2.61168 2.0411 6.89543 -9.50611
8.57 -2.59088 2.11994 7.13879 -9.48315
8.58 -2.56928 2.20155 7.38826 -9.45846
8.59 -2.54684 2.28599 7.64367 -9.43194
8.6 -2.52355 2.37334 7.90479 -9.40345
8.61 -2.49936 2.46365 8.17132 -9.37287
8.62 -2.47426 2.55698 8.44292 -9.34007
8.63 -2.44821 2.65339 8.71915 -9.30491
8.64 -2.42119 2.75293 8.99952 -9.26724
8.65 -2.39315 2.85564 9.28343 -9.22691
8.66 -2.36406 2.96156 9.57018 -9.18378
8.67 -2.3339 3.07071 9.85899 -9.13769
8.68 -2.30264 3.18311 10.1489 -9.08849
8.69 -2.27023 3.29878 10.439 -9.03601
8.7 -2.23665 3.41769 10.7279 -8.9801
8.71 -2.20187 3.53984 11.0145 -8.92061
8.72 -2.16584 3.6652 11.2973 -8.85738
8.73 -2.12855 3.79369 11.5745 -8.79029
8.74 -2.08996 3.92527 11.8445 -8.7192
8.75 -2.05004 4.05983 12.1052 -8.64399
8.76 -2.00875 4.19725 12.3545 -8.56455
8.77 -1.96608 4.33741 12.5901 -8.48082
8.78 -1.922 4.48012 12.8093 -8.39274
8.79 -1.87647 4.62519 13.0096 -8.30028
8.8 -1.82949 4.77239 13.1881 -8.20344
8.81 -1.78102 4.92145 13.3417 -8.10229
8.82 -1.73105 5.07209 13.4672 -7.99691
8.83 -1.67957 5.22397 13.5614 -7.88745
8.84 -1.62657 5.37671 13.6208 -7.77411
8.85 -1.57204 5.52991 13.642 -7.65714
8.86 -1.51597 5.68312 13.6215 -7.53689
8.87 -1.45837 5.83585 13.5559 -7.41374
8.88 -1.39926 5.98757 13.4418 -7.28817
8.89 -1.33863 6.13772 13.276 -7.16073
8.9 -1.27651 6.2857 13.0556 -7.03204
8.91 -1.21292 6.43088 12.7777 -6.9028
8.92 -1.1479 6.57262 12.4402 -6.77379
8.93 -1.08149 6.71021 12.0412 -6.64586
8.94 -1.01372 6.84297 11.5794 -6.5199
8.95 -0.944645 6.97018 11.054 -6.3969
8.96 -0.874333 7.09114 10.465 -6.27785
8.97 -0.802845 7.20512 9.8132 -6.16378
8.98 -0.730256 7.31143 9.10006 -6.05575
8.99 -0.656645 7.40939 8.32795 -5.9548
9 -0.582098 7.49836 7.50008 -5.86196
9.01 -0.506709 7.57774 6.62051 -5.77819
9.02 -0.430577 7.64696 5.69412 -5.70442
9.03 -0.353805 7.70554 4.72656 -5.64146
9.04 -0.276503 7.75305 3.72418 -5.59006
9.05 -0.198783 7.78913 2.69398 -5.55081
9.06 -0.12076 7.81351 1.64341 -5.52417
9.07 -0.0425521 7.82601 0.580322 -5.51049
9.08 0.0357206 7.82653 -0.487198 -5.50992
9.09 0.113939 7.81508 -1.55099 -5.52246
9.1 0.191982 7.79172 -2.60297 -5.54797
9.11 0.269734 7.75666 -3.63526 -5.58614
9.12 0.347077 7.71013 -4.64035 -5.63651
9.13 0.4239 7.65251 -5.61121 -5.69848
9.14 0.500092 7.58419 -6.54144 -5.77134
9.15 0.57555 7.50568 -7.4253 -5.85427
9.16 0.650173 7.41752 -8.25785 -5.94636
9.17 0.72387 7.32032 -9.03497 -6.04664
9.18 0.796552 7.21471 -9.75336 -6.1541
9.19 0.868138 7.10137 -10.4106 -6.26768
9.2 0.938556 6.981 -11.0051 -6.38633
9.21 1.00774 6.8543 -11.5361 -6.50904
9.22 1.07562 6.722 -12.0034 -6.63477
9.23 1.14216 6.5848 -12.4079 -6.76257
9.24 1.20731 6.4434 -12.7507 -6.89152
9.25 1.27102 6.29849 -13.0336 -7.02077
9.26 1.33327 6.15073 -13.259 -7.14954
9.27 1.39402 6.00074 -13.4294 -7.27712
9.28 1.45327 5.84914 -13.5479 -7.40287
9.29 1.511 5.69648 -13.6177 -7.52625
9.3 1.5672 5.54329 -13.6419 -7.64677
9.31 1.62187 5.39007 -13.6242 -7.76404
9.32 1.67501 5.23727 -13.568 -7.87771
9.33 1.72662 5.08531 -13.4767 -7.98752
9.34 1.77672 4.93454 -13.3538 -8.09326
9.35 1.82531 4.78533 -13.2026 -8.19478
9.36 1.87243 4.63795 -13.0261 -8.292
9.37 1.91808 4.49269 -12.8276 -8.38484
9.38 1.96229 4.34976 -12.6099 -8.47331
9.39 2.00508 4.20938 -12.3756 -8.55742
9.4 2.04649 4.07171 -12.1274 -8.63722
9.41 2.08653 3.9369 -11.8676 -8.7128
9.42 2.12523 3.80506 -11.5984 -8.78425
9.43 2.16264 3.67629 -11.3217 -8.85168
9.44 2.19877 3.55066 -11.0394 -8.91524
9.45 2.23366 3.42823 -10.7531 -8.97505
9.46 2.26735 3.30903 -10.4643 -9.03126
9.47 2.29985 3.19308 -10.1743 -9.08404
9.48 2.33122 3.08039 -9.88427 -9.13352
9.49 2.36147 2.97096 -9.59532 -9.17988
9.5 2.39065 2.86476 -9.30836 -9.22326
9.51 2.41878 2.76177 -9.02417 -9.26382
9.52 2.44589 2.66195 -8.74347 -9.30172
9.53 2.47203 2.56527 -8.46685 -9.3371
9.54 2.49721 2.47167 -8.19483 -9.3701
9.55 2.52147 2.3811 -7.92784 -9.40087
9.56 2.54484 2.2935 -7.66624 -9.42953
9.57 2.56735 2.2088 -7.41033 -9.45622
9.58 2.58903 2.12695 -7.16032 -9.48107
9.59 2.6099 2.04787 -6.91642 -9.50417
9.6 2.62999 1.9715 -6.67875 -9.52566
9.61 2.64934 1.89777 -6.44741 -9.54563
9.62 2.66796 1.82659 -6.22246 -9.56419
9.63 2.68588 1.75791 -6.00391 -9.58142
9.64 2.70312 1.69165 -5.79177 -9.59742
9.65 2.71972 1.62774 -5.58601 -9.61227
9.66 2.73569 1.5661 -5.38658 -9.62605
9.67 2.75105 1.50667 -5.19341 -9.63884
9.68 2.76583 1.44937 -5.00642 -9.65069
9.69 2.78004 1.39414 -4.82552 -9.66169
9.7 2.79372 1.34091 -4.6506 -9.67188
9.71 2.80687 1.28961 -4.48154 -9.68132
9.72 2.81951 1.24018 -4.31822 -9.69008
9.73 2.83168 1.19255 -4.16052 -9.69819
9.74 2.84337 1.14666 -4.00831 -9.7057
9.75 2.85462 1.10245 -3.86143 -9.71266
9.76 2.86543 1.05987 -3.71977 -9.71911
9.77 2.87582 1.01885 -3.58317 -9.72508
9.78 2.88581 0.979329 -3.4515 -9.7306
9.79 2.89541 0.941266 -3.32461 -9.73572
9.8 2.90464 0.904602 -3.20238 -9.74046
9.81 2.91351 0.869285 -3.08465 -9.74484
9.82 2.92203 0.835267 -2.9713 -9.7489
9.83 2.93022 0.802499 -2.86218 -9.75266
9.84 2.93808 0.770933 -2.75717 -9.75614
9.85 2.94564 0.740525 -2.65614 -9.75935
9.86 2.9529 0.71123 -2.55895 -9.76233
9.87 2.95987 0.683006 -2.46549 -9.76509
9.88 2.96656 0.655812 -2.37563 -9.76763
9.89 2.97299 0.629608 -2.28925 -9.76999
9.9 2.97916 0.604356 -2.20625 -9.77217
9.91 2.98508 0.580017 -2.1265 -9.77419
9.92 2.99076 0.556558 -2.04989 -9.77606
9.93 2.99621 0.533941 -1.97633 -9.77778
9.94 3.00144 0.512135 -1.90572 -9.77938
9.95 3.00646 0.491105 -1.83794 -9.78086
9.96 3.01126 0.470822 -1.77291 -9.78222
9.97 3.01587 0.451255 -1.71054 -9.78349
9.98 3.02029 0.432373 -1.65073 -9.78465
9.99 3.02452 0.41415 -1.59341 -9.78573
10 3.02858 0.396558 -1.53848 -9.78673
