#t   #theta   #omega   #xddot    #yddot
0.01 3.09155 -0.00766282 -0.874008 -9.79775
0.02 3.09144 -0.0153374 -0.876014 -9.79778
0.03 3.09125 -0.0230354 -0.879362 -9.79784
0.04 3.09098 -0.0307687 -0.884057 -9.79791
0.05 3.09063 -0.0385491 -0.890104 -9.79801
0.06 3.09021 -0.0463886 -0.897515 -9.79813
0.07 3.0897 -0.054299 -0.906299 -9.79827
0.08 3.08912 -0.0622926 -0.916471 -9.79844
0.09 3.08846 -0.0703816 -0.928045 -9.79863
0.1 3.08771 -0.0785783 -0.941039 -9.79885
0.11 3.08689 -0.0868952 -0.955473 -9.7991
0.12 3.08597 -0.0953452 -0.97137 -9.79938
0.13 3.08498 -0.103941 -0.988752 -9.79968
0.14 3.0839 -0.112696 -1.00765 -9.80003
0.15 3.08272 -0.121624 -1.02808 -9.8004
0.16 3.08146 -0.130737 -1.05009 -9.80082
0.17 3.08011 -0.140051 -1.0737 -9.80127
0.18 3.07866 -0.149579 -1.09895 -9.80177
0.19 3.07712 -0.159336 -1.12589 -9.80231
0.2 3.07547 -0.169336 -1.15454 -9.8029
0.21 3.07373 -0.179596 -1.18495 -9.80355
0.22 3.07188 -0.19013 -1.21717 -9.80425
0.23 3.06993 -0.200955 -1.25125 -9.80501
0.24 3.06786 -0.212088 -1.28724 -9.80584
0.25 3.06568 -0.223544 -1.32519 -9.80674
0.26 3.06339 -0.235342 -1.36516 -9.80771
0.27 3.06097 -0.2475 -1.40721 -9.80877
0.28 3.05844 -0.260037 -1.4514 -9.80991
0.29 3.05577 -0.27297 -1.49779 -9.81115
0.3 3.05298 -0.28632 -1.54647 -9.8125
0.31 3.05004 -0.300108 -1.59749 -9.81395
0.32 3.04697 -0.314354 -1.65094 -9.81553
0.33 3.04376 -0.329079 -1.70689 -9.81723
0.34 3.04039 -0.344306 -1.76542 -9.81908
0.35 3.03687 -0.360059 -1.82663 -9.82108
0.36 3.03319 -0.376361 -1.8906 -9.82324
0.37 3.02934 -0.393236 -1.95742 -9.82557
0.38 3.02532 -0.41071 -2.02719 -9.8281
0.39 3.02112 -0.428809 -2.10002 -9.83084
0.4 3.01674 -0.447562 -2.176 -9.8338
0.41 3.01217 -0.466994 -2.25525 -9.837
0.42 3.0074 -0.487137 -2.33788 -9.84045
0.43 3.00242 -0.50802 -2.42401 -9.8442
0.44 2.99724 -0.529674 -2.51375 -9.84824
0.45 2.99183 -0.552132 -2.60724 -9.85261
0.46 2.98619 -0.575427 -2.70459 -9.85734
0.47 2.98032 -0.599593 -2.80596 -9.86245
0.48 2.9742 -0.624666 -2.91147 -9.86798
0.49 2.96782 -0.650684 -3.02126 -9.87395
0.5 2.96118 -0.677684 -3.13549 -9.88041
0.51 2.95426 -0.705706 -3.25431 -9.88738
0.52 2.94706 -0.734791 -3.37786 -9.89493
0.53 2.93956 -0.764981 -3.50631 -9.90308
0.54 2.93176 -0.79632 -3.63983 -9.91188
0.55 2.92363 -0.828853 -3.77856 -9.9214
0.56 2.91518 -0.862626 -3.9227 -9.93168
0.57 2.90638 -0.897688 -4.0724 -9.94279
0.58 2.89722 -0.934088 -4.22784 -9.95479
0.59 2.88769 -0.971878 -4.38921 -9.96776
0.6 2.87778 -1.01111 -4.55667 -9.98176
0.61 2.86746 -1.05184 -4.7304 -9.99689
0.62 2.85673 -1.09412 -4.9106 -10.0132
0.63 2.84557 -1.13801 -5.09743 -10.0309
0.64 2.83397 -1.18357 -5.29107 -10.0499
0.65 2.8219 -1.23085 -5.4917 -10.0704
0.66 2.80934 -1.27993 -5.69949 -10.0926
0.67 2.79629 -1.33087 -5.91461 -10.1166
0.68 2.78272 -1.38372 -6.1372 -10.1424
0.69 2.76861 -1.43856 -6.36743 -10.1702
0.7 2.75394 -1.49545 -6.60543 -10.2003
0.71 2.7387 -1.55447 -6.85132 -10.2327
0.72 2.72285 -1.61567 -7.10522 -10.2676
0.73 2.70637 -1.67914 -7.36721 -10.3053
0.74 2.68926 -1.74495 -7.63736 -10.3458
0.75 2.67147 -1.81316 -7.91572 -10.3895
0.76 2.65298 -1.88384 -8.20228 -10.4365
0.77 2.63378 -1.95708 -8.49703 -10.4872
0.78 2.61383 -2.03294 -8.79991 -10.5417
0.79 2.59311 -2.11149 -9.11079 -10.6002
0.8 2.5716 -2.1928 -9.42953 -10.6632
0.81 2.54925 -2.27694 -9.75589 -10.7309
0.82 2.52605 -2.36398 -10.0896 -10.8036
0.83 2.50196 -2.45397 -10.4303 -10.8817
0.84 2.47696 -2.54698 -10.7775 -10.9654
0.85 2.45101 -2.64307 -11.1307 -11.0552
0.86 2.42409 -2.74228 -11.4893 -11.1514
0.87 2.39615 -2.84465 -11.8526 -11.2543
0.88 2.36718 -2.95023 -12.2195 -11.3644
0.89 2.33714 -3.05904 -12.5892 -11.4821
0.9 2.30599 -3.17109 -12.9605 -11.6078
0.91 2.27371 -3.28641 -13.3321 -11.7418
0.92 2.24025 -3.40499 -13.7025 -11.8846
0.93 2.20559 -3.5268 -14.07 -12.0366
0.94 2.1697 -3.65182 -14.4327 -12.1982
0.95 2.13255 -3.77999 -14.7887 -12.3696
0.96 2.09409 -3.91124 -15.1356 -12.5513
0.97 2.05431 -4.04549 -15.4709 -12.7436
0.98 2.01318 -4.18262 -15.7919 -12.9467
0.99 1.97065 -4.32249 -16.0957 -13.1608
1 1.92672 -4.46494 -16.3789 -13.3862
1.01 1.88135 -4.60977 -16.6382 -13.6227
1.02 1.83451 -4.75676 -16.8699 -13.8706
1.03 1.7862 -4.90564 -17.0702 -14.1295
1.04 1.7364 -5.05613 -17.235 -14.3993
1.05 1.68508 -5.20789 -17.3601 -14.6797
1.06 1.63224 -5.36056 -17.4411 -14.9702
1.07 1.57786 -5.51374 -17.4736 -15.27
1.08 1.52196 -5.66696 -17.4532 -15.5783
1.09 1.46453 -5.81976 -17.3755 -15.8943
1.1 1.40557 -5.97162 -17.2361 -16.2166
1.11 1.3451 -6.12196 -17.0309 -16.5438
1.12 1.28314 -6.2702 -16.7561 -16.8745
1.13 1.2197 -6.41571 -16.4081 -17.2068
1.14 1.15483 -6.55784 -15.984 -17.5387
1.15 1.08856 -6.6959 -15.4813 -17.8681
1.16 1.02093 -6.82921 -14.8983 -18.1926
1.17 0.951995 -6.95704 -14.2339 -18.5098
1.18 0.881811 -7.07869 -13.4881 -18.8171
1.19 0.810444 -7.19344 -12.6616 -19.1119
1.2 0.737967 -7.30059 -11.7563 -19.3915
1.21 0.66446 -7.39946 -10.7751 -19.6531
1.22 0.590008 -7.48941 -9.722 -19.8942
1.23 0.514703 -7.56983 -8.60207 -20.1122
1.24 0.438645 -7.64015 -7.42146 -20.3047
1.25 0.361936 -7.69987 -6.1873 -20.4696
1.26 0.284684 -7.74857 -4.90766 -20.605
1.27 0.207002 -7.78587 -3.59139 -20.7093
1.28 0.129006 -7.81149 -2.248 -20.7812
1.29 0.0508119 -7.82526 -0.887508 -20.82
1.3 -0.0274596 -7.82704 0.47977 -20.825
1.31 -0.105689 -7.81685 1.84338 -20.7963
1.32 -0.183757 -7.79475 3.19294 -20.7342
1.33 -0.261545 -7.7609 4.51832 -20.6394
1.34 -0.338937 -7.71558 5.80985 -20.5132
1.35 -0.415819 -7.6591 7.05846 -20.3569
1.36 -0.492083 -7.59189 8.25584 -20.1724
1.37 -0.567623 -7.51443 9.39457 -19.9617
1.38 -0.642339 -7.42727 10.4682 -19.7273
1.39 -0.716138 -7.33099 11.4713 -19.4715
1.4 -0.788931 -7.22623 12.3996 -19.1971
1.41 -0.860636 -7.11368 13.2498 -18.9065
1.42 -0.931181 -6.99402 14.0199 -18.6027
1.43 -1.0005 -6.86795 14.7086 -18.2881
1.44 -1.06852 -6.73621 15.3158 -17.9655
1.45 -1.1352 -6.59949 15.8423 -17.6373
1.46 -1.2005 -6.4585 16.2896 -17.306
1.47 -1.26436 -6.31393 16.66 -16.9736
1.48 -1.32677 -6.16644 16.9563 -16.6422
1.49 -1.38768 -6.01666 17.1819 -16.3138
1.5 -1.44709 -5.8652 17.3405 -15.9898
1.51 -1.50498 -5.71262 17.4362 -15.6719
1.52 -1.56134 -5.55947 17.4733 -15.3611
1.53 -1.61617 -5.40623 17.4561 -15.0587
1.54 -1.66947 -5.25337 17.3891 -14.7654
1.55 -1.72124 -5.1013 17.2767 -14.4819
1.56 -1.7715 -4.95039 17.1233 -14.2089
1.57 -1.82025 -4.80099 16.9332 -13.9467
1.58 -1.86753 -4.65341 16.7104 -13.6955
1.59 -1.91333 -4.50791 16.4589 -13.4556
1.6 -1.95769 -4.36473 16.1825 -13.2269
1.61 -2.00063 -4.22407 15.8845 -13.0094
1.62 -2.04218 -4.08611 15.5683 -12.8031
1.63 -2.08236 -3.95099 15.237 -12.6076
1.64 -2.12121 -3.81883 14.8933 -12.4228
1.65 -2.15875 -3.68973 14.5398 -12.2483
1.66 -2.19502 -3.56377 14.1788 -12.0838
1.67 -2.23004 -3.441 13.8125 -11.929
1.68 -2.26385 -3.32145 13.4428 -11.7835
1.69 -2.29648 -3.20516 13.0714 -11.6469
1.7 -2.32796 -3.09213 12.6999 -11.5188
1.71 -2.35833 -2.98235 12.3296 -11.3987
1.72 -2.38762 -2.87582 11.9617 -11.2864
1.73 -2.41586 -2.77249 11.5973 -11.1813
1.74 -2.44308 -2.67234 11.2372 -11.0832
1.75 -2.46932 -2.57533 10.8823 -10.9916
1.76 -2.4946 -2.48141 10.5332 -10.9061
1.77 -2.51895 -2.39052 10.1905 -10.8264
1.78 -2.54242 -2.3026 9.85471 -10.7521
1.79 -2.56502 -2.21761 9.52612 -10.6829
1.8 -2.58678 -2.13546 9.20508 -10.6186
1.81 -2.60773 -2.05609 8.89184 -10.5587
1.82 -2.62791 -1.97944 8.58656 -10.503
1.83 -2.64733 -1.90543 8.28937 -10.4513
1.84 -2.66603 -1.83399 8.00036 -10.4032
1.85 -2.68402 -1.76504 7.71956 -10.3585
1.86 -2.70134 -1.69853 7.44696 -10.317
1.87 -2.718 -1.63437 7.18254 -10.2786
1.88 -2.73403 -1.5725 6.92624 -10.2428
1.89 -2.74946 -1.51284 6.67797 -10.2097
1.9 -2.76429 -1.45532 6.43763 -10.179
1.91 -2.77857 -1.39987 6.20509 -10.1505
1.92 -2.7923 -1.34643 5.98024 -10.1241
1.93 -2.8055 -1.29493 5.7629 -10.0996
1.94 -2.8182 -1.24531 5.55295 -10.0769
1.95 -2.83042 -1.19749 5.3502 -10.0559
1.96 -2.84216 -1.15142 5.15449 -10.0364
1.97 -2.85345 -1.10704 4.96564 -10.0183
1.98 -2.86431 -1.06429 4.78349 -10.0016
1.99 -2.87474 -1.0231 4.60784 -9.98615
2 -2.88477 -0.983431 4.43853 -9.97182
2.01 -2.89441 -0.945216 4.27536 -9.95856
2.02 -2.90368 -0.908407 4.11817 -9.94628
2.03 -2.91259 -0.872951 3.96678 -9.93491
2.04 -2.92114 -0.838798 3.821 -9.92438
2.05 -2.92937 -0.8059 3.68067 -9.91465
2.06 -2.93727 -0.774209 3.54561 -9.90563
2.07 -2.94486 -0.743681 3.41567 -9.89729
2.08 -2.95214 -0.714271 3.29067 -9.88957
2.09 -2.95914 -0.685936 3.17046 -9.88243
2.1 -2.96587 -0.658635 3.05488 -9.87582
2.11 -2.97232 -0.632329 2.94377 -9.86971
2.12 -2.97852 -0.606977 2.837 -9.86406
2.13 -2.98446 -0.582544 2.73441 -9.85882
2.14 -2.99017 -0.558993 2.63587 -9.85399
2.15 -2.99565 -0.53629 2.54125 -9.84951
2.16 -3.0009 -0.514399 2.4504 -9.84537
2.17 -3.00594 -0.493289 2.36321 -9.84154
2.18 -3.01077 -0.472929 2.27955 -9.838
2.19 -3.0154 -0.453287 2.1993 -9.83472
2.2 -3.01983 -0.434335 2.12236 -9.8317
2.21 -3.02409 -0.416044 2.0486 -9.8289
2.22 -3.02816 -0.398386 1.97792 -9.82631
2.23 -3.03206 -0.381335 1.91023 -9.82391
2.24 -3.03579 -0.364865 1.84542 -9.8217
2.25 -3.03935 -0.348951 1.7834 -9.81966
2.26 -3.04277 -0.333569 1.72408 -9.81777
2.27 -3.04603 -0.318696 1.66736 -9.81602
2.28 -3.04914 -0.304309 1.61318 -9.81441
2.29 -3.05212 -0.290387 1.56144 -9.81292
2.3 -3.05495 -0.276909 1.51208 -9.81154
2.31 -3.05766 -0.263853 1.46501 -9.81027
2.32 -3.06023 -0.2512 1.42017 -9.8091
2.33 -3.06268 -0.238932 1.37749 -9.80802
2.34 -3.06501 -0.227028 1.3369 -9.80702
2.35 -3.06722 -0.215471 1.29836 -9.8061
2.36 -3.06932 -0.204244 1.26179 -9.80525
2.37 -3.07131 -0.193329 1.22715 -9.80447
2.38 -3.07319 -0.18271 1.19437 -9.80375
2.39 -3.07496 -0.17237 1.16343 -9.80309
2.4 -3.07664 -0.162293 1.13425 -9.80248
2.41 -3.07821 -0.152465 1.10681 -9.80192
2.42 -3.07969 -0.142871 1.08106 -9.80141
2.43 -3.08107 -0.133495 1.05697 -9.80095
2.44 -3.08236 -0.124323 1.03448 -9.80052
2.45 -3.08356 -0.115341 1.01358 -9.80013
2.46 -3.08466 -0.106536 0.994231 -9.79978
2.47 -3.08569 -0.097894 0.976401 -9.79946
2.48 -3.08662 -0.0894018 0.960064 -9.79918
2.49 -3.08747 -0.0810465 0.945196 -9.79892
2.5 -3.08824 -0.0728152 0.931774 -9.79869
2.51 -3.08893 -0.0646954 0.919778 -9.79849
2.52 -3.08954 -0.0566746 0.90919 -9.79832
2.53 -3.09007 -0.0487406 0.899993 -9.79817
2.54 -3.09051 -0.0408812 0.892174 -9.79804
2.55 -3.09088 -0.0330844 0.885721 -9.79794
2.56 -3.09118 -0.0253383 0.880624 -9.79786
2.57 -3.09139 -0.017631 0.876875 -9.7978
2.58 -3.09153 -0.00995061 0.874468 -9.79776
2.59 -3.09159 -0.0022855 0.873401 -9.79774
2.6 -3.09157 0.00537612 0.87367 -9.79775
2.61 -3.09148 0.013046 0.875278 -9.79777
2.62 -3.09131 0.0207358 0.878225 -9.79782
2.63 -3.09107 0.0284574 0.882517 -9.79789
2.64 -3.09074 0.0362225 0.88816 -9.79798
2.65 -3.09034 0.0440431 0.895163 -9.79809
2.66 -3.08986 0.0519311 0.903536 -9.79823
2.67 -3.0893 0.0598986 0.913292 -9.79839
2.68 -3.08866 0.0679579 0.924446 -9.79857
2.69 -3.08794 0.0761211 0.937015 -9.79878
2.7 -3.08714 0.0844009 0.951018 -9.79902
2.71 -3.08626 0.0928099 0.966475 -9.79929
2.72 -3.08528 0.101361 0.983411 -9.79959
2.73 -3.08423 0.110067 1.00185 -9.79992
2.74 -3.08308 0.118942 1.02182 -9.80029
2.75 -3.08185 0.127998 1.04336 -9.80069
2.76 -3.08052 0.137251 1.06649 -9.80113
2.77 -3.0791 0.146714 1.09125 -9.80161
2.78 -3.07759 0.156401 1.11768 -9.80214
2.79 -3.07597 0.166327 1.14581 -9.80272
2.8 -3.07426 0.176508 1.17569 -9.80335
2.81 -3.07244 0.186958 1.20737 -9.80403
2.82 -3.07052 0.197695 1.24089 -9.80477
2.83 -3.06849 0.208734 1.2763 -9.80558
2.84 -3.06634 0.220092 1.31366 -9.80646
2.85 -3.06408 0.231786 1.35302 -9.80741
2.86 -3.06171 0.243835 1.39445 -9.80844
2.87 -3.05921 0.256257 1.43799 -9.80956
2.88 -3.05658 0.269069 1.48372 -9.81077
2.89 -3.05382 0.282293 1.53171 -9.81208
2.9 -3.05093 0.295948 1.58202 -9.81351
2.91 -3.0479 0.310055 1.63474 -9.81504
2.92 -3.04473 0.324635 1.68993 -9.81671
2.93 -3.04141 0.339711 1.74769 -9.81851
2.94 -3.03793 0.355304 1.80809 -9.82046
2.95 -3.0343 0.371439 1.87122 -9.82257
2.96 -3.0305 0.388141 1.93718 -9.82486
2.97 -3.02654 0.405434 2.00607 -9.82733
2.98 -3.02239 0.423344 2.07797 -9.83
2.99 -3.01807 0.441898 2.153 -9.83289
3 -3.01355 0.461125 2.23127 -9.83601
3.01 -3.00884 0.481053 2.31288 -9.83939
3.02 -3.00393 0.501712 2.39795 -9.84305
3.03 -2.99881 0.523133 2.4866 -9.847
3.04 -2.99346 0.545347 2.57895 -9.85127
3.05 -2.9879 0.568389 2.67514 -9.85589
3.06 -2.98209 0.592291 2.7753 -9.86089
3.07 -2.97605 0.61709 2.87956 -9.86628
3.08 -2.96975 0.642822 2.98806 -9.87212
3.09 -2.96319 0.669525 3.10095 -9.87843
3.1 -2.95635 0.697238 3.21838 -9.88525
3.11 -2.94924 0.726002 3.3405 -9.89261
3.12 -2.94183 0.755858 3.46748 -9.90058
3.13 -2.93412 0.786849 3.59946 -9.90918
3.14 -2.92609 0.819021 3.73663 -9.91848
3.15 -2.91773 0.85242 3.87913 -9.92853
3.16 -2.90904 0.887092 4.02716 -9.93939
3.17 -2.89999 0.923088 4.18087 -9.95112
3.18 -2.89057 0.960458 4.34045 -9.96379
3.19 -2.88077 0.999254 4.50607 -9.97747
3.2 -2.87058 1.03953 4.67792 -9.99225
3.21 -2.85998 1.08134 4.85617 -10.0082
3.22 -2.84895 1.12475 5.041 -10.0254
3.23 -2.83748 1.1698 5.23259 -10.0441
3.24 -2.82555 1.21657 5.43112 -10.0641
3.25 -2.81314 1.2651 5.63676 -10.0858
3.26 -2.80024 1.31548 5.84967 -10.1092
3.27 -2.78682 1.36775 6.07002 -10.1345
3.28 -2.77288 1.42199 6.29795 -10.1617
3.29 -2.75838 1.47826 6.53362 -10.1911
3.3 -2.74331 1.53664 6.77715 -10.2228
3.31 -2.72764 1.59718 7.02865 -10.2569
3.32 -2.71135 1.65997 7.28822 -10.2937
3.33 -2.69443 1.72507 7.55593 -10.3334
3.34 -2.67684 1.79256 7.83183 -10.3761
3.35 -2.65857 1.8625 8.11595 -10.4221
3.36 -2.63959 1.93497 8.40826 -10.4717
3.37 -2.61986 2.01003 8.70872 -10.525
3.38 -2.59938 2.08777 9.01723 -10.5823
3.39 -2.5781 2.16825 9.33365 -10.644
3.4 -2.556 2.25154 9.65777 -10.7102
3.41 -2.53306 2.33771 9.98932 -10.7814
3.42 -2.50924 2.42682 10.328 -10.8578
3.43 -2.48451 2.51892 10.6733 -10.9398
3.44 -2.45885 2.61408 11.0248 -11.0278
3.45 -2.43222 2.71236 11.3819 -11.122
3.46 -2.40459 2.81378 11.7438 -11.2229
3.47 -2.37593 2.9184 12.1097 -11.3308
3.48 -2.34621 3.02624 12.4787 -11.4462
3.49 -2.3154 3.13733 12.8497 -11.5695
3.5 -2.28346 3.25168 13.2213 -11.701
3.51 -2.25035 3.36928 13.5922 -11.8411
3.52 -2.21606 3.49013 13.9608 -11.9903
3.53 -2.18054 3.61419 14.3251 -12.149
3.54 -2.14376 3.74143 14.6834 -12.3174
3.55 -2.1057 3.87177 15.0332 -12.4961
3.56 -2.06632 4.00514 15.3723 -12.6851
3.57 -2.02559 4.14142 15.6979 -12.885
3.58 -1.98348 4.28049 16.0071 -13.0958
3.59 -1.93997 4.42219 16.2968 -13.3178
3.6 -1.89503 4.56633 16.5636 -13.551
3.61 -1.84864 4.7127 16.8039 -13.7955
3.62 -1.80077 4.86105 17.014 -14.0511
3.63 -1.75141 5.01109 17.1898 -14.3177
3.64 -1.70054 5.16251 17.3272 -14.595
3.65 -1.64816 5.31496 17.4218 -14.8825
3.66 -1.59424 5.46802 17.4693 -15.1796
3.67 -1.53879 5.62128 17.4651 -15.4855
3.68 -1.48182 5.77426 17.4049 -15.7993
3.69 -1.42331 5.92646 17.2844 -16.1199
3.7 -1.36329 6.07731 17.0992 -16.4458
3.71 -1.30177 6.22624 16.8455 -16.7756
3.72 -1.23878 6.37263 16.5197 -17.1076
3.73 -1.17433 6.51584 16.1186 -17.4399
3.74 -1.10847 6.65519 15.6396 -17.7702
3.75 -1.04124 6.78999 15.0807 -18.0964
3.76 -0.972689 6.91953 14.4406 -18.4161
3.77 -0.902871 7.04309 13.719 -18.7267
3.78 -0.83185 7.15997 12.9165 -19.0255
3.79 -0.759696 7.26946 12.0344 -19.3099
3.8 -0.686488 7.37088 11.0755 -19.5771
3.81 -0.612308 7.46356 10.0433 -19.8246
3.82 -0.537248 7.54688 8.94276 -20.0497
3.83 -0.461403 7.62026 7.77954 -20.2501
3.84 -0.384877 7.6832 6.56055 -20.4234
3.85 -0.307776 7.73522 5.29359 -20.5678
3.86 -0.23021 7.77595 3.98727 -20.6815
3.87 -0.152295 7.80509 2.65095 -20.7632
3.88 -0.0741481 7.8224 1.29448 -20.8119
3.89 0.00411268 7.82777 -0.0718651 -20.827
3.9 0.0823672 7.82114 -1.43766 -20.8084
3.91 0.160496 7.80258 -2.79249 -20.7562
3.92 0.238379 7.77221 -4.12612 -20.6711
3.93 0.315901 7.73028 -5.42873 -20.554
3.94 0.392947 7.67709 -6.69104 -20.4065
3.95 0.469407 7.61304 -7.90452 -20.2302
3.96 0.545173 7.53858 -9.06146 -20.0272
3.97 0.620146 7.45425 -10.1551 -19.7996
3.98 0.694227 7.36062 -11.1798 -19.5499
3.99 0.767329 7.25833 -12.1308 -19.2807
4 0.839367 7.14803 -13.0046 -18.9947
4.01 0.910265 7.03041 -13.7987 -18.6945
4.02 0.979953 6.90618 -14.5117 -18.3829
4.03 1.04837 6.77606 -15.1432 -18.0624
4.04 1.11546 6.64075 -15.6937 -17.7357
4.05 1.18117 6.50096 -16.1644 -17.405
4.06 1.24546 6.35739 -16.5575 -17.0727
4.07 1.30831 6.2107 -16.8755 -16.7408
4.08 1.36967 6.06154 -17.1218 -16.4113
4.09 1.42953 5.91052 -17.3 -16.0859
4.1 1.48788 5.75822 -17.414 -15.766
4.11 1.54469 5.60518 -17.4681 -15.453
4.12 1.59998 5.45192 -17.4666 -15.148
4.13 1.65373 5.2989 -17.414 -14.8518
4.14 1.70596 5.14655 -17.3147 -14.5654
4.15 1.75667 4.99526 -17.1731 -14.2892
4.16 1.80587 4.84538 -16.9935 -14.0237
4.17 1.85358 4.69722 -16.78 -13.7692
4.18 1.89982 4.55108 -16.5367 -13.526
4.19 1.94461 4.40718 -16.2673 -13.2939
4.2 1.98797 4.26575 -15.9754 -13.0731
4.21 2.02993 4.12697 -15.6644 -12.8635
4.22 2.07052 3.99099 -15.3372 -12.6648
4.23 2.10976 3.85793 -14.9969 -12.4768
4.24 2.14769 3.72791 -14.6461 -12.2993
4.25 2.18433 3.60101 -14.2871 -12.1318
4.26 2.21972 3.47728 -13.9222 -11.9742
4.27 2.25389 3.35677 -13.5533 -11.826
4.28 2.28687 3.23951 -13.1823 -11.6867
4.29 2.31869 3.1255 -12.8107 -11.5561
4.3 2.34939 3.01476 -12.4399 -11.4337
4.31 2.37899 2.90725 -12.0711 -11.3191
4.32 2.40754 2.80297 -11.7056 -11.2119
4.33 2.43506 2.70188 -11.3441 -11.1118
4.34 2.46159 2.60394 -10.9876 -11.0182
4.35 2.48715 2.5091 -10.6367 -10.9309
4.36 2.51178 2.41731 -10.2921 -10.8496
4.37 2.53551 2.32852 -9.95414 -10.7737
4.38 2.55836 2.24266 -9.62335 -10.7031
4.39 2.58037 2.15967 -9.30003 -10.6373
4.4 2.60157 2.07948 -8.98444 -10.5761
4.41 2.62197 2.00202 -8.67677 -10.5192
4.42 2.64162 1.92723 -8.37716 -10.4663
4.43 2.66052 1.85503 -8.08571 -10.4171
4.44 2.67872 1.78535 -7.80245 -10.3715
4.45 2.69624 1.71812 -7.52741 -10.3291
4.46 2.71309 1.65327 -7.26056 -10.2897
4.47 2.72931 1.59072 -7.00184 -10.2532
4.48 2.74492 1.5304 -6.75119 -10.2193
4.49 2.75993 1.47225 -6.50849 -10.1879
4.5 2.77437 1.4162 -6.27364 -10.1588
4.51 2.78826 1.36217 -6.04651 -10.1317
4.52 2.80162 1.3101 -5.82695 -10.1067
4.53 2.81447 1.25992 -5.61481 -10.0835
4.54 2.82682 1.21157 -5.40993 -10.062
4.55 2.8387 1.16499 -5.21213 -10.042
4.56 2.85013 1.12011 -5.02126 -10.0236
4.57 2.86111 1.07687 -4.83713 -10.0065
4.58 2.87167 1.03523 -4.65956 -9.99064
4.59 2.88182 0.995109 -4.48838 -9.97598
4.6 2.89158 0.956465 -4.3234 -9.96241
4.61 2.90096 0.919242 -4.16444 -9.94984
4.62 2.90997 0.883388 -4.01134 -9.93821
4.63 2.91863 0.848851 -3.8639 -9.92744
4.64 2.92695 0.815584 -3.72197 -9.91747
4.65 2.93494 0.783538 -3.58535 -9.90825
4.66 2.94262 0.752668 -3.4539 -9.89971
4.67 2.95 0.722929 -3.32745 -9.89181
4.68 2.95709 0.694277 -3.20582 -9.8845
4.69 2.96389 0.666672 -3.08888 -9.87774
4.7 2.97042 0.640073 -2.97645 -9.87148
4.71 2.97669 0.614441 -2.8684 -9.8657
4.72 2.98271 0.589738 -2.76458 -9.86034
4.73 2.98849 0.565928 -2.66485 -9.85539
4.74 2.99404 0.542975 -2.56907 -9.85081
4.75 2.99935 0.520845 -2.47711 -9.84657
4.76 3.00446 0.499506 -2.38884 -9.84265
4.77 3.00935 0.478925 -2.30414 -9.83903
4.78 3.01404 0.459072 -2.22289 -9.83567
4.79 3.01853 0.439917 -2.14497 -9.83257
4.8 3.02284 0.421432 -2.07027 -9.82971
4.81 3.02696 0.403588 -1.99869 -9.82706
4.82 3.03091 0.386358 -1.93012 -9.82461
4.83 3.03469 0.369718 -1.86446 -9.82234
4.84 3.03831 0.35364 -1.80161 -9.82025
4.85 3.04177 0.338102 -1.7415 -9.81832
4.86 3.04507 0.32308 -1.68401 -9.81653
4.87 3.04823 0.308551 -1.62908 -9.81488
4.88 3.05124 0.294492 -1.57662 -9.81335
4.89 3.05412 0.280884 -1.52656 -9.81194
4.9 3.05686 0.267704 -1.47881 -9.81064
4.91 3.05948 0.254933 -1.43331 -9.80944
4.92 3.06196 0.242552 -1.38999 -9.80833
4.93 3.06433 0.230541 -1.34879 -9.80731
4.94 3.06657 0.218883 -1.30965 -9.80636
4.95 3.06871 0.207559 -1.27249 -9.80549
4.96 3.07073 0.196553 -1.23728 -9.80469
4.97 3.07264 0.185847 -1.20396 -9.80396
4.98 3.07444 0.175425 -1.17247 -9.80328
4.99 3.07615 0.165272 -1.14277 -9.80266
5 3.07775 0.155371 -1.11482 -9.80209
5.01 3.07926 0.145709 -1.08857 -9.80156
5.02 3.08067 0.136269 -1.06398 -9.80108
5.03 3.08198 0.127038 -1.04102 -9.80064
5.04 3.08321 0.118001 -1.01965 -9.80025
5.05 3.08434 0.109144 -0.999844 -9.79988
5.06 3.08539 0.100455 -0.981563 -9.79956
5.07 3.08635 0.0919196 -0.964783 -9.79926
5.08 3.08723 0.0835247 -0.949479 -9.799
5.09 3.08802 0.0752578 -0.935629 -9.79876
5.1 3.08873 0.067106 -0.923209 -9.79855
5.11 3.08937 0.059057 -0.912203 -9.79837
5.12 3.08992 0.0510984 -0.902593 -9.79821
5.13 3.09039 0.043218 -0.894365 -9.79808
5.14 3.09078 0.0354038 -0.887505 -9.79797
5.15 3.0911 0.0276437 -0.882004 -9.79788
5.16 3.09133 0.019926 -0.877854 -9.79781
5.17 3.09149 0.0122389 -0.875048 -9.79777
5.18 3.09158 0.00457042 -0.873581 -9.79774
5.19 3.09159 -0.00309103 -0.873452 -9.79774
5.2 3.09152 -0.0107572 -0.87466 -9.79776
5.21 3.09137 -0.0184399 -0.877208 -9.7978
5.22 3.09115 -0.0261507 -0.881098 -9.79786
5.23 3.09085 -0.0339017 -0.886338 -9.79795
5.24 3.09047 -0.0417045 -0.892934 -9.79805
5.25 3.09001 -0.0495712 -0.900897 -9.79818
5.26 3.08948 -0.0575137 -0.910239 -9.79834
5.27 3.08886 -0.0655444 -0.920975 -9.79851
5.28 3.08817 -0.0736753 -0.93312 -9.79872
5.29 3.08739 -0.0819191 -0.946693 -9.79895
5.3 3.08653 -0.0902882 -0.961714 -9.79921
5.31 3.08558 -0.0987955 -0.978207 -9.7995
5.32 3.08455 -0.107454 -0.996196 -9.79982
5.33 3.08343 -0.116277 -1.01571 -9.80017
5.34 3.08223 -0.125278 -1.03677 -9.80056
5.35 3.08093 -0.134471 -1.05942 -9.80099
5.36 3.07954 -0.143869 -1.08369 -9.80147
5.37 3.07805 -0.153488 -1.10962 -9.80198
5.38 3.07646 -0.163341 -1.13724 -9.80254
5.39 3.07478 -0.173444 -1.1666 -9.80315
5.4 3.073 -0.183813 -1.19774 -9.80382
5.41 3.0711 -0.194463 -1.2307 -9.80455
5.42 3.0691 -0.20541 -1.26555 -9.80533
5.43 3.06699 -0.216671 -1.30232 -9.80619
5.44 3.06477 -0.228263 -1.34108 -9.80712
5.45 3.06243 -0.240205 -1.38188 -9.80813
5.46 3.05997 -0.252513 -1.42478 -9.80922
5.47 3.05738 -0.265207 -1.46985 -9.8104
5.48 3.05466 -0.278306 -1.51716 -9.81168
5.49 3.05181 -0.291831 -1.56677 -9.81307
5.5 3.04882 -0.305801 -1.61876 -9.81457
5.51 3.04569 -0.320237 -1.67321 -9.8162
5.52 3.04242 -0.335163 -1.73019 -9.81796
5.53 3.03899 -0.350599 -1.7898 -9.81987
5.54 3.0354 -0.36657 -1.85211 -9.82193
5.55 3.03165 -0.3831 -1.91722 -9.82416
5.56 3.02774 -0.400214 -1.98522 -9.82657
5.57 3.02365 -0.417938 -2.05621 -9.82918
5.58 3.01938 -0.436297 -2.1303 -9.832
5.59 3.01492 -0.455321 -2.20759 -9.83506
5.6 3.01027 -0.475036 -2.28819 -9.83836
5.61 3.00542 -0.495474 -2.37221 -9.84193
5.62 3.00036 -0.516665 -2.45978 -9.84579
5.63 2.99508 -0.538639 -2.55102 -9.84996
5.64 2.98958 -0.56143 -2.64605 -9.85448
5.65 2.98385 -0.585073 -2.74501 -9.85936
5.66 2.97788 -0.6096 -2.84803 -9.86463
5.67 2.97165 -0.63505 -2.95526 -9.87033
5.68 2.96517 -0.66146 -3.06682 -9.8765
5.69 2.95842 -0.688867 -3.18289 -9.88316
5.7 2.95139 -0.717313 -3.30359 -9.89036
5.71 2.94407 -0.746839 -3.4291 -9.89814
5.72 2.93645 -0.777488 -3.55958 -9.90655
5.73 2.92852 -0.809303 -3.69518 -9.91563
5.74 2.92026 -0.842331 -3.83608 -9.92545
5.75 2.91167 -0.876618 -3.98243 -9.93606
5.76 2.90272 -0.912215 -4.13443 -9.94752
5.77 2.89342 -0.949169 -4.29224 -9.95991
5.78 2.88374 -0.987535 -4.45605 -9.97328
5.79 2.87366 -1.02736 -4.62602 -9.98773
5.8 2.86318 -1.06871 -4.80234 -10.0033
5.81 2.85228 -1.11163 -4.98519 -10.0202
5.82 2.84095 -1.15619 -5.17475 -10.0384
5.83 2.82915 -1.20244 -5.37119 -10.058
5.84 2.81689 -1.25044 -5.57469 -10.0792
5.85 2.80414 -1.30026 -5.78542 -10.1021
5.86 2.79088 -1.35196 -6.00353 -10.1267
5.87 2.77709 -1.40561 -6.22919 -10.1534
5.88 2.76276 -1.46127 -6.46254 -10.1821
5.89 2.74786 -1.51901 -6.70371 -10.2131
5.9 2.73237 -1.5789 -6.95282 -10.2465
5.91 2.71627 -1.64101 -7.20998 -10.2825
5.92 2.69954 -1.70542 -7.47525 -10.3213
5.93 2.68216 -1.77218 -7.74871 -10.3631
5.94 2.66409 -1.84138 -8.03038 -10.4081
5.95 2.64532 -1.91309 -8.32025 -10.4565
5.96 2.62582 -1.98738 -8.61829 -10.5087
5.97 2.60557 -2.06431 -8.92442 -10.5648
5.98 2.58453 -2.14397 -9.23849 -10.6251
5.99 2.56268 -2.22641 -9.56034 -10.69
6 2.53999 -2.31171 -9.88971 -10.7597
6.01 2.51643 -2.39994 -10.2263 -10.8345
6.02 2.49198 -2.49114 -10.5697 -10.9148
6.03 2.4666 -2.58539 -10.9194 -11.0009
6.04 2.44026 -2.68273 -11.2749 -11.0932
6.05 2.41294 -2.78321 -11.6354 -11.1921
6.06 2.38459 -2.88687 -12.0003 -11.2979
6.07 2.35519 -2.99375 -12.3685 -11.411
6.08 2.3247 -3.10387 -12.739 -11.5319
6.09 2.2931 -3.21724 -13.1105 -11.6609
6.1 2.26035 -3.33388 -13.4818 -11.7984
6.11 2.22641 -3.45376 -13.8512 -11.9449
6.12 2.19126 -3.57687 -14.217 -12.1007
6.13 2.15486 -3.70317 -14.5773 -12.2662
6.14 2.11719 -3.83259 -14.9299 -12.4417
6.15 2.0782 -3.96507 -15.2725 -12.6277
6.16 2.03788 -4.10049 -15.6024 -12.8243
6.17 1.99618 -4.23875 -15.9168 -13.0318
6.18 1.95309 -4.37968 -16.2126 -13.2504
6.19 1.90858 -4.52311 -16.4866 -13.4803
6.2 1.86262 -4.66884 -16.7353 -13.7214
6.21 1.8152 -4.81663 -16.9548 -13.9737
6.22 1.76628 -4.9662 -17.1412 -14.2371
6.23 1.71587 -5.11724 -17.2905 -14.5113
6.24 1.66393 -5.26942 -17.3983 -14.7958
6.25 1.61048 -5.42234 -17.4603 -15.0901
6.26 1.55549 -5.57559 -17.472 -15.3934
6.27 1.49896 -5.72871 -17.429 -15.705
6.28 1.44091 -5.88119 -17.3269 -16.0237
6.29 1.38134 -6.03251 -17.1614 -16.3481
6.3 1.32027 -6.18207 -16.9286 -16.677
6.31 1.25771 -6.32929 -16.6246 -17.0085
6.32 1.19369 -6.47352 -16.2463 -17.3409
6.33 1.12825 -6.61409 -15.7907 -17.672
6.34 1.06143 -6.75031 -15.2558 -17.9998
6.35 0.993263 -6.8815 -14.64 -18.3216
6.36 0.923816 -7.00692 -13.9427 -18.6352
6.37 0.853147 -7.12587 -13.1641 -18.9378
6.38 0.781323 -7.23763 -12.3056 -19.2267
6.39 0.70842 -7.34153 -11.3692 -19.4994
6.4 0.634521 -7.43688 -10.3585 -19.753
6.41 0.559713 -7.52305 -9.27774 -19.9851
6.42 0.484092 -7.59945 -8.13252 -20.193
6.43 0.407759 -7.66556 -6.92939 -20.3747
6.44 0.330817 -7.72088 -5.67586 -20.5279
6.45 0.253378 -7.76501 -4.38033 -20.6509
6.46 0.175556 -7.79763 -3.05194 -20.7423
6.47 0.0974651 -7.81848 -1.70042 -20.8009
6.48 0.0192256 -7.82742 -0.335929 -20.8261
6.49 -0.0590434 -7.82437 1.03113 -20.8175
6.5 -0.137222 -7.80935 2.39031 -20.7752
6.51 -0.215191 -7.78249 3.73131 -20.6998
6.52 -0.292833 -7.74398 5.04416 -20.5922
6.53 -0.370033 -7.6941 6.31942 -20.4536
6.54 -0.446678 -7.63324 7.54831 -20.2857
6.55 -0.522662 -7.56184 8.72286 -20.0904
6.56 -0.597882 -7.48039 9.83602 -19.8699
6.57 -0.672238 -7.38947 10.8818 -19.6265
6.58 -0.745641 -7.28969 11.8552 -19.3629
6.59 -0.818005 -7.18171 12.7523 -19.0816
6.6 -0.889251 -7.0662 13.5704 -18.7854
6.61 -0.959306 -6.94387 14.3076 -18.4769
6.62 -1.02811 -6.81543 14.9634 -18.1588
6.63 -1.0956 -6.68159 15.538 -17.8336
6.64 -1.16172 -6.54307 16.0323 -17.5038
6.65 -1.22644 -6.40055 16.4482 -17.1718
6.66 -1.28972 -6.25472 16.7884 -16.8396
6.67 -1.35153 -6.10623 17.0557 -16.5092
6.68 -1.41184 -5.9557 17.2538 -16.1824
6.69 -1.47064 -5.80373 17.3865 -15.8607
6.7 -1.52791 -5.65086 17.458 -15.5455
6.71 -1.58366 -5.49761 17.4726 -15.238
6.72 -1.63787 -5.34447 17.4348 -14.9391
6.73 -1.69055 -5.19188 17.3489 -14.6497
6.74 -1.74171 -5.04023 17.2195 -14.3704
6.75 -1.79136 -4.8899 17.0508 -14.1017
6.76 -1.83951 -4.7412 16.847 -13.844
6.77 -1.88619 -4.59443 16.6122 -13.5973
6.78 -1.93141 -4.44984 16.3502 -13.3619
6.79 -1.97519 -4.30765 16.0646 -13.1378
6.8 -2.01757 -4.16806 15.7589 -12.9248
6.81 -2.05856 -4.03123 15.4363 -12.7229
6.82 -2.0982 -3.89729 15.0996 -12.5317
6.83 -2.13652 -3.76636 14.7516 -12.3511
6.84 -2.17354 -3.63851 14.3949 -12.1807
6.85 -2.2093 -3.51383 14.0315 -12.0202
6.86 -2.24383 -3.39236 13.6636 -11.8692
6.87 -2.27716 -3.27413 13.293 -11.7273
6.88 -2.30932 -3.15915 12.9214 -11.5942
6.89 -2.34035 -3.04744 12.5502 -11.4694
6.9 -2.37028 -2.93897 12.1808 -11.3525
6.91 -2.39914 -2.83373 11.8142 -11.2431
6.92 -2.42696 -2.73169 11.4514 -11.1409
6.93 -2.45378 -2.63281 11.0933 -11.0454
6.94 -2.47963 -2.53706 10.7407 -10.9563
6.95 -2.50454 -2.44436 10.3941 -10.8732
6.96 -2.52853 -2.35468 10.0542 -10.7958
6.97 -2.55164 -2.26795 9.72121 -10.7236
6.98 -2.5739 -2.18411 9.39563 -10.6564
6.99 -2.59533 -2.1031 9.07771 -10.5939
7 -2.61597 -2.02483 8.76766 -10.5357
7.01 -2.63584 -1.94925 8.46564 -10.4817
7.02 -2.65496 -1.87629 8.17175 -10.4314
7.03 -2.67337 -1.80587 7.88605 -10.3847
7.04 -2.69109 -1.73791 7.60856 -10.3414
7.05 -2.70814 -1.67236 7.33927 -10.3012
7.06 -2.72454 -1.60913 7.07813 -10.2638
7.07 -2.74033 -1.54816 6.82508 -10.2292
7.08 -2.75551 -1.48937 6.58002 -10.197
7.09 -2.77012 -1.43269 6.34285 -10.1672
7.1 -2.78417 -1.37807 6.11343 -10.1396
7.11 -2.79769 -1.32542 5.89163 -10.114
7.12 -2.81069 -1.27468 5.67729 -10.0902
7.13 -2.82319 -1.2258 5.47026 -10.0682
7.14 -2.83521 -1.17869 5.27037 -10.0478
7.15 -2.84677 -1.13331 5.07746 -10.0289
7.16 -2.85788 -1.0896 4.89133 -10.0114
7.17 -2.86857 -1.04748 4.71183 -9.99524
7.18 -2.87884 -1.00691 4.53876 -9.98024
7.19 -2.88871 -0.967836 4.37195 -9.96635
7.2 -2.8982 -0.930195 4.21122 -9.95349
7.21 -2.90732 -0.893937 4.05638 -9.94158
7.22 -2.91608 -0.859013 3.90728 -9.93056
7.23 -2.9245 -0.825372 3.76372 -9.92036
7.24 -2.93259 -0.792967 3.62554 -9.91092
7.25 -2.94037 -0.761751 3.49257 -9.90219
7.26 -2.94783 -0.731679 3.36464 -9.8941
7.27 -2.955 -0.702708 3.24159 -9.88662
7.28 -2.96189 -0.674796 3.12326 -9.8797
7.29 -2.9685 -0.647901 3.00951 -9.8733
7.3 -2.97485 -0.621984 2.90017 -9.86738
7.31 -2.98095 -0.597008 2.7951 -9.8619
7.32 -2.98679 -0.572935 2.69417 -9.85683
7.33 -2.99241 -0.54973 2.59722 -9.85214
7.34 -2.99779 -0.527359 2.50414 -9.8478
7.35 -3.00296 -0.505787 2.41478 -9.84379
7.36 -3.00791 -0.484984 2.32903 -9.84008
7.37 -3.01266 -0.464917 2.24676 -9.83665
7.38 -3.01721 -0.445557 2.16786 -9.83347
7.39 -3.02157 -0.426875 2.09221 -9.83054
7.4 -3.02575 -0.408842 2.01971 -9.82783
7.41 -3.02975 -0.391432 1.95025 -9.82532
7.42 -3.03358 -0.374619 1.88374 -9.823
7.43 -3.03725 -0.358376 1.82006 -9.82086
7.44 -3.04075 -0.34268 1.75914 -9.81888
7.45 -3.0441 -0.327506 1.70088 -9.81705
7.46 -3.0473 -0.312832 1.6452 -9.81536
7.47 -3.05036 -0.298636 1.59201 -9.81379
7.48 -3.05328 -0.284895 1.54124 -9.81235
7.49 -3.05606 -0.27159 1.49281 -9.81102
7.5 -3.05871 -0.258699 1.44665 -9.80979
7.51 -3.06123 -0.246203 1.40269 -9.80865
7.52 -3.06363 -0.234084 1.36086 -9.8076
7.53 -3.06592 -0.222323 1.32111 -9.80664
7.54 -3.06808 -0.210901 1.28337 -9.80575
7.55 -3.07014 -0.199802 1.24758 -9.80493
7.56 -3.07208 -0.189008 1.2137 -9.80417
7.57 -3.07392 -0.178503 1.18167 -9.80348
7.58 -3.07565 -0.168272 1.15144 -9.80284
7.59 -3.07728 -0.158298 1.12297 -9.80225
7.6 -3.07882 -0.148565 1.09622 -9.80171
7.61 -3.08026 -0.139061 1.07114 -9.80122
7.62 -3.0816 -0.129769 1.0477 -9.80077
7.63 -3.08285 -0.120675 1.02586 -9.80036
7.64 -3.08401 -0.111767 1.00559 -9.79999
7.65 -3.08509 -0.103029 0.986856 -9.79965
7.66 -3.08607 -0.0944488 0.969632 -9.79935
7.67 -3.08698 -0.0860134 0.953891 -9.79907
7.68 -3.0878 -0.0777096 0.939609 -9.79883
7.69 -3.08853 -0.0695248 0.926765 -9.79861
7.7 -3.08919 -0.0614465 0.915339 -9.79842
7.71 -3.08976 -0.0534622 0.905315 -9.79825
7.72 -3.09026 -0.0455597 0.896676 -9.79811
7.73 -3.09067 -0.037727 0.889409 -9.798
7.74 -3.09101 -0.029952 0.883505 -9.7979
7.75 -3.09127 -0.022223 0.878952 -9.79783
7.76 -3.09145 -0.0145279 0.875746 -9.79778
7.77 -3.09156 -0.00685507 0.87388 -9.79775
7.78 -3.09159 0.000807251 0.873353 -9.79774
7.79 -3.09155 0.00847081 0.874162 -9.79775
7.8 -3.09142 0.0161473 0.87631 -9.79779
7.81 -3.09122 0.0238486 0.8798 -9.79784
7.82 -3.09095 0.0315864 0.884636 -9.79792
7.83 -3.09059 0.0393725 0.890827 -9.79802
7.84 -3.09016 0.0472189 0.898382 -9.79814
7.85 -3.08965 0.0551376 0.907312 -9.79829
7.86 -3.08905 0.0631407 0.91763 -9.79846
7.87 -3.08838 0.0712405 0.929353 -9.79865
7.88 -3.08763 0.0794493 0.942498 -9.79888
7.89 -3.08679 0.0877797 0.957086 -9.79913
7.9 -3.08587 0.0962446 0.973137 -9.79941
7.91 -3.08487 0.104857 0.990678 -9.79972
7.92 -3.08378 0.113629 1.00973 -9.80006
7.93 -3.08259 0.122576 1.03033 -9.80044
7.94 -3.08132 0.13171 1.05251 -9.80086
7.95 -3.07996 0.141046 1.07629 -9.80132
7.96 -3.0785 0.150597 1.10172 -9.80182
7.97 -3.07695 0.160379 1.12883 -9.80237
7.98 -3.07529 0.170406 1.15767 -9.80297
7.99 -3.07354 0.180694 1.18827 -9.80362
8 -3.07168 0.191258 1.22068 -9.80432
8.01 -3.06971 0.202115 1.25496 -9.80509
8.02 -3.06764 0.213281 1.29115 -9.80593
8.03 -3.06545 0.224773 1.32931 -9.80683
8.04 -3.06314 0.236608 1.3695 -9.80782
8.05 -3.06071 0.248805 1.41177 -9.80888
8.06 -3.05816 0.261382 1.45619 -9.81004
8.07 -3.05548 0.274359 1.50282 -9.81129
8.08 -3.05267 0.287754 1.55174 -9.81264
8.09 -3.04973 0.301589 1.60302 -9.81411
8.1 -3.04664 0.315884 1.65672 -9.8157
8.11 -3.04341 0.330662 1.71294 -9.81742
8.12 -3.04002 0.345944 1.77175 -9.81928
8.13 -3.03649 0.361753 1.83325 -9.8213
8.14 -3.03279 0.378114 1.89751 -9.82347
8.15 -3.02892 0.395051 1.96464 -9.82583
8.16 -3.02488 0.41259 2.03473 -9.82838
8.17 -3.02067 0.430757 2.10789 -9.83114
8.18 -3.01627 0.44958 2.18421 -9.83412
8.19 -3.01167 0.469086 2.26381 -9.83735
8.2 -3.00688 0.489306 2.34681 -9.84084
8.21 -3.00189 0.510268 2.43331 -9.84461
8.22 -2.99668 0.532006 2.52344 -9.84869
8.23 -2.99124 0.55455 2.61733 -9.85309
8.24 -2.98558 0.577935 2.7151 -9.85786
8.25 -2.97968 0.602195 2.8169 -9.86301
8.26 -2.97353 0.627367 2.92285 -9.86859
8.27 -2.96713 0.653486 3.03311 -9.87461
8.28 -2.96046 0.680592 3.14782 -9.88112
8.29 -2.95352 0.708724 3.26712 -9.88815
8.3 -2.94628 0.737924 3.39119 -9.89576
8.31 -2.93875 0.768233 3.52016 -9.90397
8.32 -2.93092 0.799696 3.65422 -9.91285
8.33 -2.92276 0.832358 3.79352 -9.92245
8.34 -2.91426 0.866265 3.93823 -9.93281
8.35 -2.90543 0.901466 4.08853 -9.94402
8.36 -2.89623 0.93801 4.24459 -9.95612
8.37 -2.88666 0.97595 4.40659 -9.96919
8.38 -2.87671 1.01534 4.5747 -9.9833
8.39 -2.86635 1.05623 4.74912 -9.99855
8.4 -2.85558 1.09867 4.93 -10.015
8.41 -2.84437 1.14274 5.11754 -10.0328
8.42 -2.83272 1.18848 5.31191 -10.052
8.43 -2.8206 1.23595 5.51329 -10.0727
8.44 -2.80799 1.28522 5.72185 -10.0951
8.45 -2.79488 1.33635 5.93774 -10.1192
8.46 -2.78126 1.38941 6.16114 -10.1452
8.47 -2.76709 1.44447 6.39218 -10.1733
8.48 -2.75236 1.50158 6.63101 -10.2036
8.49 -2.73705 1.56082 6.87774 -10.2363
8.5 -2.72114 1.62227 7.13249 -10.2715
8.51 -2.7046 1.68598 7.39534 -10.3094
8.52 -2.68741 1.75203 7.66636 -10.3503
8.53 -2.66955 1.8205 7.94557 -10.3943
8.54 -2.65099 1.89145 8.233 -10.4417
8.55 -2.63171 1.96496 8.52862 -10.4927
8.56 -2.61168 2.0411 8.83234 -10.5476
8.57 -2.59088 2.11994 9.14407 -10.6067
8.58 -2.56928 2.20155 9.46362 -10.6702
8.59 -2.54684 2.28599 9.79077 -10.7384
8.6 -2.52355 2.37334 10.1252 -10.8116
8.61 -2.49936 2.46365 10.4666 -10.8903
8.62 -2.47426 2.55698 10.8145 -10.9746
8.63 -2.44821 2.65339 11.1684 -11.065
8.64 -2.42119 2.75293 11.5275 -11.1619
8.65 -2.39315 2.85564 11.8911 -11.2656
8.66 -2.36406 2.96156 12.2584 -11.3765
8.67 -2.3339 3.07071 12.6284 -11.495
8.68 -2.30264 3.18311 12.9998 -11.6215
8.69 -2.27023 3.29878 13.3713 -11.7565
8.7 -2.23665 3.41769 13.7414 -11.9003
8.71 -2.20187 3.53984 14.1085 -12.0532
8.72 -2.16584 3.6652 14.4707 -12.2158
8.73 -2.12855 3.79369 14.8258 -12.3883
8.74 -2.08996 3.92527 15.1716 -12.5711
8.75 -2.05004 4.05983 15.5055 -12.7645
8.76 -2.00875 4.19725 15.8249 -12.9688
8.77 -1.96608 4.33741 16.1266 -13.1841
8.78 -1.922 4.48012 16.4075 -13.4106
8.79 -1.87647 4.62519 16.664 -13.6484
8.8 -1.82949 4.77239 16.8926 -13.8974
8.81 -1.78102 4.92145 17.0894 -14.1575
8.82 -1.73105 5.07209 17.2502 -14.4284
8.83 -1.67957 5.22397 17.3708 -14.7099
8.84 -1.62657 5.37671 17.4469 -15.0014
8.85 -1.57204 5.52991 17.474 -15.3021
8.86 -1.51597 5.68312 17.4478 -15.6114
8.87 -1.45837 5.83585 17.3638 -15.928
8.88 -1.39926 5.98757 17.2176 -16.2509
8.89 -1.33863 6.13772 17.0052 -16.5786
8.9 -1.27651 6.2857 16.7228 -16.9095
8.91 -1.21292 6.43088 16.367 -17.2419
8.92 -1.1479 6.57262 15.9347 -17.5736
8.93 -1.08149 6.71021 15.4236 -17.9026
8.94 -1.01372 6.84297 14.832 -18.2265
8.95 -0.944645 6.97018 14.159 -18.5428
8.96 -0.874333 7.09114 13.4046 -18.8489
8.97 -0.802845 7.20512 12.5697 -19.1422
8.98 -0.730256 7.31143 11.6563 -19.42
8.99 -0.656645 7.40939 10.6673 -19.6796
9 -0.582098 7.49836 9.60685 -19.9183
9.01 -0.506709 7.57774 8.48021 -20.1337
9.02 -0.430577 7.64696 7.29359 -20.3234
9.03 -0.353805 7.70554 6.05424 -20.4853
9.04 -0.276503 7.75305 4.7703 -20.6175
9.05 -0.198783 7.78913 3.45071 -20.7184
9.06 -0.12076 7.81351 2.10504 -20.7869
9.07 -0.0425521 7.82601 0.743333 -20.8221
9.08 0.0357206 7.82653 -0.624052 -20.8236
9.09 0.113939 7.81508 -1.98667 -20.7913
9.1 0.191982 7.79172 -3.33414 -20.7257
9.11 0.269734 7.75666 -4.6564 -20.6276
9.12 0.347077 7.71013 -5.94382 -20.4981
9.13 0.4239 7.65251 -7.1874 -20.3387
9.14 0.500092 7.58419 -8.37892 -20.1513
9.15 0.57555 7.50568 -9.51106 -19.9381
9.16 0.650173 7.41752 -10.5775 -19.7013
9.17 0.72387 7.32032 -11.5729 -19.4434
9.18 0.796552 7.21471 -12.4931 -19.1671
9.19 0.868138 7.10137 -13.3349 -18.875
9.2 0.938556 6.981 -14.0964 -18.5699
9.21 1.00774 6.8543 -14.7765 -18.2544
9.22 1.07562 6.722 -15.3752 -17.9311
9.23 1.14216 6.5848 -15.8933 -17.6025
9.24 1.20731 6.4434 -16.3323 -17.2709
9.25 1.27102 6.29849 -16.6948 -16.9385
9.26 1.33327 6.15073 -16.9834 -16.6074
9.27 1.39402 6.00074 -17.2018 -16.2793
9.28 1.45327 5.84914 -17.3535 -15.956
9.29 1.511 5.69648 -17.4428 -15.6387
9.3 1.5672 5.54329 -17.4739 -15.3288
9.31 1.62187 5.39007 -17.4513 -15.0273
9.32 1.67501 5.23727 -17.3793 -14.735
9.33 1.72662 5.08531 -17.2624 -14.4526
9.34 1.77672 4.93454 -17.1049 -14.1807
9.35 1.82531 4.78533 -16.9111 -13.9196
9.36 1.87243 4.63795 -16.6852 -13.6696
9.37 1.91808 4.49269 -16.4309 -13.4309
9.38 1.96229 4.34976 -16.152 -13.2034
9.39 2.00508 4.20938 -15.8519 -12.9871
9.4 2.04649 4.07171 -15.534 -12.7819
9.41 2.08653 3.9369 -15.2013 -12.5876
9.42 2.12523 3.80506 -14.8564 -12.4039
9.43 2.16264 3.67629 -14.502 -12.2305
9.44 2.19877 3.55066 -14.1403 -12.067
9.45 2.23366 3.42823 -13.7736 -11.9132
9.46 2.26735 3.30903 -13.4037 -11.7687
9.47 2.29985 3.19308 -13.0322 -11.633
9.48 2.33122 3.08039 -12.6607 -11.5057
9.49 2.36147 2.97096 -12.2906 -11.3865
9.5 2.39065 2.86476 -11.9231 -11.275
9.51 2.41878 2.76177 -11.5591 -11.1707
9.52 2.44589 2.66195 -11.1995 -11.0732
9.53 2.47203 2.56527 -10.8452 -10.9823
9.54 2.49721 2.47167 -10.4968 -10.8974
9.55 2.52147 2.3811 -10.1548 -10.8183
9.56 2.54484 2.2935 -9.81968 -10.7446
9.57 2.56735 2.2088 -9.49188 -10.6759
9.58 2.58903 2.12695 -9.17165 -10.612
9.59 2.6099 2.04787 -8.85924 -10.5526
9.6 2.62999 1.9715 -8.55481 -10.4974
9.61 2.64934 1.89777 -8.25848 -10.446
9.62 2.66796 1.82659 -7.97034 -10.3983
9.63 2.68588 1.75791 -7.6904 -10.354
9.64 2.70312 1.69165 -7.41867 -10.3128
9.65 2.71972 1.62774 -7.15511 -10.2747
9.66 2.73569 1.5661 -6.89966 -10.2392
9.67 2.75105 1.50667 -6.65223 -10.2063
9.68 2.76583 1.44937 -6.41272 -10.1759
9.69 2.78004 1.39414 -6.181 -10.1476
9.7 2.79372 1.34091 -5.95694 -10.1214
9.71 2.80687 1.28961 -5.7404 -10.0971
9.72 2.81951 1.24018 -5.53121 -10.0746
9.73 2.83168 1.19255 -5.32921 -10.0537
9.74 2.84337 1.14666 -5.13423 -10.0344
9.75 2.85462 1.10245 -4.9461 -10.0165
9.76 2.86543 1.05987 -4.76464 -9.99994
9.77 2.87582 1.01885 -4.58968 -9.98459
9.78 2.88581 0.979329 -4.42102 -9.97038
9.79 2.89541 0.941266 -4.25849 -9.95722
9.8 2.90464 0.904602 -4.10192 -9.94503
9.81 2.91351 0.869285 -3.95113 -9.93376
9.82 2.92203 0.835267 -3.80593 -9.92332
9.83 2.93022 0.802499 -3.66617 -9.91366
9.84 2.93808 0.770933 -3.53166 -9.90472
9.85 2.94564 0.740525 -3.40225 -9.89645
9.86 2.9529 0.71123 -3.27776 -9.88879
9.87 2.95987 0.683006 -3.15805 -9.88171
9.88 2.96656 0.655812 -3.04294 -9.87516
9.89 2.97299 0.629608 -2.9323 -9.86909
9.9 2.97916 0.604356 -2.82598 -9.86348
9.91 2.98508 0.580017 -2.72383 -9.8583
9.92 2.99076 0.556558 -2.62571 -9.8535
9.93 2.99621 0.533941 -2.53148 -9.84906
9.94 3.00144 0.512135 -2.44103 -9.84495
9.95 3.00646 0.491105 -2.35422 -9.84115
9.96 3.01126 0.470822 -2.27092 -9.83764
9.97 3.01587 0.451255 -2.19103 -9.83439
9.98 3.02029 0.432373 -2.11442 -9.83139
9.99 3.02452 0.41415 -2.041 -9.82861
10 3.02858 0.396558 -1.97064 -9.82605
