#t   #theta   #omega   #xddot    #yddot
0.01 3.09155 -0.00766282 -0.736006 -9.79774
0.02 3.09144 -0.0153374 -0.737696 -9.79774
0.03 3.09125 -0.0230354 -0.740516 -9.79774
0.04 3.09098 -0.0307687 -0.744469 -9.79774
0.05 3.09063 -0.0385491 -0.749562 -9.79774
0.06 3.09021 -0.0463886 -0.755802 -9.79774
0.07 3.0897 -0.054299 -0.763199 -9.79774
0.08 3.08912 -0.0622926 -0.771765 -9.79774
0.09 3.08846 -0.0703816 -0.781511 -9.79774
0.1 3.08771 -0.0785783 -0.792454 -9.79774
0.11 3.08689 -0.0868952 -0.804609 -9.79774
0.12 3.08597 -0.0953452 -0.817995 -9.79774
0.13 3.08498 -0.103941 -0.832633 -9.79774
0.14 3.0839 -0.112696 -0.848544 -9.79774
0.15 3.08272 -0.121624 -0.865753 -9.79774
0.16 3.08146 -0.130737 -0.884285 -9.79774
0.17 3.08011 -0.140051 -0.904169 -9.79774
0.18 3.07866 -0.149579 -0.925434 -9.79774
0.19 3.07712 -0.159336 -0.948114 -9.79774
0.2 3.07547 -0.169336 -0.972241 -9.79774
0.21 3.07373 -0.179596 -0.997853 -9.79774
0.22 3.07188 -0.19013 -1.02499 -9.79774
0.23 3.06993 -0.200955 -1.05369 -9.79774
0.24 3.06786 -0.212088 -1.08399 -9.79774
0.25 3.06568 -0.223544 -1.11595 -9.79774
0.26 3.06339 -0.235342 -1.14961 -9.79774
0.27 3.06097 -0.2475 -1.18502 -9.79774
0.28 3.05844 -0.260037 -1.22223 -9.79774
0.29 3.05577 -0.27297 -1.2613 -9.79774
0.3 3.05298 -0.28632 -1.30229 -9.79774
0.31 3.05004 -0.300108 -1.34525 -9.79774
0.32 3.04697 -0.314354 -1.39026 -9.79774
0.33 3.04376 -0.329079 -1.43738 -9.79774
0.34 3.04039 -0.344306 -1.48667 -9.79774
0.35 3.03687 -0.360059 -1.53821 -9.79774
0.36 3.03319 -0.376361 -1.59208 -9.79774
0.37 3.02934 -0.393236 -1.64835 -9.79774
0.38 3.02532 -0.41071 -1.70711 -9.79774
0.39 3.02112 -0.428809 -1.76844 -9.79774
0.4 3.01674 -0.447562 -1.83242 -9.79774
0.41 3.01217 -0.466994 -1.89916 -9.79774
0.42 3.0074 -0.487137 -1.96874 -9.79774
0.43 3.00242 -0.50802 -2.04127 -9.79774
0.44 2.99724 -0.529674 -2.11684 -9.79774
0.45 2.99183 -0.552132 -2.19557 -9.79774
0.46 2.98619 -0.575427 -2.27755 -9.79774
0.47 2.98032 -0.599593 -2.36291 -9.79774
0.48 2.9742 -0.624666 -2.45176 -9.79774
0.49 2.96782 -0.650684 -2.54422 -9.79774
0.5 2.96118 -0.677684 -2.64042 -9.79774
0.51 2.95426 -0.705706 -2.74047 -9.79774
0.52 2.94706 -0.734791 -2.84452 -9.79774
0.53 2.93956 -0.764981 -2.95269 -9.79774
0.54 2.93176 -0.79632 -3.06512 -9.79774
0.55 2.92363 -0.828853 -3.18195 -9.79774
0.56 2.91518 -0.862626 -3.30332 -9.79774
0.57 2.90638 -0.897688 -3.42939 -9.79774
0.58 2.89722 -0.934088 -3.56029 -9.79774
0.59 2.88769 -0.971878 -3.69617 -9.79774
0.6 2.87778 -1.01111 -3.83719 -9.79774
0.61 2.86746 -1.05184 -3.9835 -9.79774
0.62 2.85673 -1.09412 -4.13524 -9.79774
0.63 2.84557 -1.13801 -4.29257 -9.79774
0.64 2.83397 -1.18357 -4.45564 -9.79774
0.65 2.8219 -1.23085 -4.62459 -9.79774
0.66 2.80934 -1.27993 -4.79957 -9.79774
0.67 2.79629 -1.33087 -4.98072 -9.79774
0.68 2.78272 -1.38372 -5.16817 -9.79774
0.69 2.76861 -1.43856 -5.36205 -9.79774
0.7 2.75394 -1.49545 -5.56247 -9.79774
0.71 2.7387 -1.55447 -5.76954 -9.79774
0.72 2.72285 -1.61567 -5.98334 -9.79774
0.73 2.70637 -1.67914 -6.20397 -9.79774
0.74 2.68926 -1.74495 -6.43146 -9.79774
0.75 2.67147 -1.81316 -6.66587 -9.79774
0.76 2.65298 -1.88384 -6.90718 -9.79774
0.77 2.63378 -1.95708 -7.15539 -9.79774
0.78 2.61383 -2.03294 -7.41045 -9.79774
0.79 2.59311 -2.11149 -7.67225 -9.79774
0.8 2.5716 -2.1928 -7.94065 -9.79774
0.81 2.54925 -2.27694 -8.21549 -9.79774
0.82 2.52605 -2.36398 -8.49651 -9.79774
0.83 2.50196 -2.45397 -8.7834 -9.79774
0.84 2.47696 -2.54698 -9.0758 -9.79774
0.85 2.45101 -2.64307 -9.37326 -9.79774
0.86 2.42409 -2.74228 -9.67524 -9.79774
0.87 2.39615 -2.84465 -9.98111 -9.79774
0.88 2.36718 -2.95023 -10.2901 -9.79774
0.89 2.33714 -3.05904 -10.6015 -9.79774
0.9 2.30599 -3.17109 -10.9141 -9.79774
0.91 2.27371 -3.28641 -11.227 -9.79774
0.92 2.24025 -3.40499 -11.5389 -9.79774
0.93 2.20559 -3.5268 -11.8484 -9.79774
0.94 2.1697 -3.65182 -12.1539 -9.79774
0.95 2.13255 -3.77999 -12.4536 -9.79774
0.96 2.09409 -3.91124 -12.7458 -9.79774
0.97 2.05431 -4.04549 -13.0282 -9.79774
0.98 2.01318 -4.18262 -13.2985 -9.79774
0.99 1.97065 -4.32249 -13.5542 -9.79774
1 1.92672 -4.46494 -13.7928 -9.79774
1.01 1.88135 -4.60977 -14.0111 -9.79774
1.02 1.83451 -4.75676 -14.2063 -9.79774
1.03 1.7862 -4.90564 -14.3749 -9.79774
1.04 1.7364 -5.05613 -14.5137 -9.79774
1.05 1.68508 -5.20789 -14.619 -9.79774
1.06 1.63224 -5.36056 -14.6872 -9.79774
1.07 1.57786 -5.51374 -14.7146 -9.79774
1.08 1.52196 -5.66696 -14.6975 -9.79774
1.09 1.46453 -5.81976 -14.632 -9.79774
1.1 1.40557 -5.97162 -14.5146 -9.79774
1.11 1.3451 -6.12196 -14.3418 -9.79774
1.12 1.28314 -6.2702 -14.1104 -9.79774
1.13 1.2197 -6.41571 -13.8173 -9.79774
1.14 1.15483 -6.55784 -13.4602 -9.79774
1.15 1.08856 -6.6959 -13.0369 -9.79774
1.16 1.02093 -6.82921 -12.5459 -9.79774
1.17 0.951995 -6.95704 -11.9865 -9.79774
1.18 0.881811 -7.07869 -11.3584 -9.79774
1.19 0.810444 -7.19344 -10.6624 -9.79774
1.2 0.737967 -7.30059 -9.90004 -9.79774
1.21 0.66446 -7.39946 -9.07377 -9.79774
1.22 0.590008 -7.48941 -8.18695 -9.79774
1.23 0.514703 -7.56983 -7.24385 -9.79774
1.24 0.438645 -7.64015 -6.24965 -9.79774
1.25 0.361936 -7.69987 -5.21036 -9.79774
1.26 0.284684 -7.74857 -4.13277 -9.79774
1.27 0.207002 -7.78587 -3.02433 -9.79774
1.28 0.129006 -7.81149 -1.89306 -9.79774
1.29 0.0508119 -7.82526 -0.747376 -9.79774
1.3 -0.0274596 -7.82704 0.404017 -9.79774
1.31 -0.105689 -7.81685 1.55232 -9.79774
1.32 -0.183757 -7.79475 2.68879 -9.79774
1.33 -0.261545 -7.7609 3.8049 -9.79774
1.34 -0.338937 -7.71558 4.89251 -9.79774
1.35 -0.415819 -7.6591 5.94397 -9.79774
1.36 -0.492083 -7.59189 6.95229 -9.79774
1.37 -0.567623 -7.51443 7.91121 -9.79774
1.38 -0.642339 -7.42727 8.81532 -9.79774
1.39 -0.716138 -7.33099 9.66005 -9.79774
1.4 -0.788931 -7.22623 10.4418 -9.79774
1.41 -0.860636 -7.11368 11.1578 -9.79774
1.42 -0.931181 -6.99402 11.8062 -9.79774
1.43 -1.0005 -6.86795 12.3862 -9.79774
1.44 -1.06852 -6.73621 12.8975 -9.79774
1.45 -1.1352 -6.59949 13.3409 -9.79774
1.46 -1.2005 -6.4585 13.7176 -9.79774
1.47 -1.26436 -6.31393 14.0295 -9.79774
1.48 -1.32677 -6.16644 14.279 -9.79774
1.49 -1.38768 -6.01666 14.469 -9.79774
1.5 -1.44709 -5.8652 14.6026 -9.79774
1.51 -1.50498 -5.71262 14.6831 -9.79774
1.52 -1.56134 -5.55947 14.7143 -9.79774
1.53 -1.61617 -5.40623 14.6999 -9.79774
1.54 -1.66947 -5.25337 14.6434 -9.79774
1.55 -1.72124 -5.1013 14.5488 -9.79774
1.56 -1.7715 -4.95039 14.4196 -9.79774
1.57 -1.82025 -4.80099 14.2595 -9.79774
1.58 -1.86753 -4.65341 14.0719 -9.79774
1.59 -1.91333 -4.50791 13.8602 -9.79774
1.6 -1.95769 -4.36473 13.6273 -9.79774
1.61 -2.00063 -4.22407 13.3764 -9.79774
1.62 -2.04218 -4.08611 13.1102 -9.79774
1.63 -2.08236 -3.95099 12.8312 -9.79774
1.64 -2.12121 -3.81883 12.5417 -9.79774
1.65 -2.15875 -3.68973 12.244 -9.79774
1.66 -2.19502 -3.56377 11.94 -9.79774
1.67 -2.23004 -3.441 11.6316 -9.79774
1.68 -2.26385 -3.32145 11.3203 -9.79774
1.69 -2.29648 -3.20516 11.0075 -9.79774
1.7 -2.32796 -3.09213 10.6947 -9.79774
1.71 -2.35833 -2.98235 10.3828 -9.79774
1.72 -2.38762 -2.87582 10.073 -9.79774
1.73 -2.41586 -2.77249 9.76613 -9.79774
1.74 -2.44308 -2.67234 9.46292 -9.79774
1.75 -2.46932 -2.57533 9.16405 -9.79774
1.76 -2.4946 -2.48141 8.87009 -9.79774
1.77 -2.51895 -2.39052 8.58151 -9.79774
1.78 -2.54242 -2.3026 8.29871 -9.79774
1.79 -2.56502 -2.21761 8.022 -9.79774
1.8 -2.58678 -2.13546 7.75165 -9.79774
1.81 -2.60773 -2.05609 7.48786 -9.79774
1.82 -2.62791 -1.97944 7.23079 -9.79774
1.83 -2.64733 -1.90543 6.98053 -9.79774
1.84 -2.66603 -1.83399 6.73715 -9.79774
1.85 -2.68402 -1.76504 6.50068 -9.79774
1.86 -2.70134 -1.69853 6.27113 -9.79774
1.87 -2.718 -1.63437 6.04846 -9.79774
1.88 -2.73403 -1.5725 5.83262 -9.79774
1.89 -2.74946 -1.51284 5.62355 -9.79774
1.9 -2.76429 -1.45532 5.42116 -9.79774
1.91 -2.77857 -1.39987 5.22534 -9.79774
1.92 -2.7923 -1.34643 5.03599 -9.79774
1.93 -2.8055 -1.29493 4.85297 -9.79774
1.94 -2.8182 -1.24531 4.67617 -9.79774
1.95 -2.83042 -1.19749 4.50543 -9.79774
1.96 -2.84216 -1.15142 4.34062 -9.79774
1.97 -2.85345 -1.10704 4.18159 -9.79774
1.98 -2.86431 -1.06429 4.0282 -9.79774
1.99 -2.87474 -1.0231 3.88029 -9.79774
2 -2.88477 -0.983431 3.73771 -9.79774
2.01 -2.89441 -0.945216 3.60031 -9.79774
2.02 -2.90368 -0.908407 3.46793 -9.79774
2.03 -2.91259 -0.872951 3.34044 -9.79774
2.04 -2.92114 -0.838798 3.21768 -9.79774
2.05 -2.92937 -0.8059 3.09951 -9.79774
2.06 -2.93727 -0.774209 2.98578 -9.79774
2.07 -2.94486 -0.743681 2.87635 -9.79774
2.08 -2.95214 -0.714271 2.77109 -9.79774
2.09 -2.95914 -0.685936 2.66986 -9.79774
2.1 -2.96587 -0.658635 2.57253 -9.79774
2.11 -2.97232 -0.632329 2.47897 -9.79774
2.12 -2.97852 -0.606977 2.38905 -9.79774
2.13 -2.98446 -0.582544 2.30266 -9.79774
2.14 -2.99017 -0.558993 2.21968 -9.79774
2.15 -2.99565 -0.53629 2.14 -9.79774
2.16 -3.0009 -0.514399 2.0635 -9.79774
2.17 -3.00594 -0.493289 1.99007 -9.79774
2.18 -3.01077 -0.472929 1.91962 -9.79774
2.19 -3.0154 -0.453287 1.85204 -9.79774
2.2 -3.01983 -0.434335 1.78725 -9.79774
2.21 -3.02409 -0.416044 1.72514 -9.79774
2.22 -3.02816 -0.398386 1.66562 -9.79774
2.23 -3.03206 -0.381335 1.60862 -9.79774
2.24 -3.03579 -0.364865 1.55404 -9.79774
2.25 -3.03935 -0.348951 1.50181 -9.79774
2.26 -3.04277 -0.333569 1.45185 -9.79774
2.27 -3.04603 -0.318696 1.4041 -9.79774
2.28 -3.04914 -0.304309 1.35847 -9.79774
2.29 -3.05212 -0.290387 1.3149 -9.79774
2.3 -3.05495 -0.276909 1.27333 -9.79774
2.31 -3.05766 -0.263853 1.23369 -9.79774
2.32 -3.06023 -0.2512 1.19593 -9.79774
2.33 -3.06268 -0.238932 1.15999 -9.79774
2.34 -3.06501 -0.227028 1.12581 -9.79774
2.35 -3.06722 -0.215471 1.09335 -9.79774
2.36 -3.06932 -0.204244 1.06256 -9.79774
2.37 -3.07131 -0.193329 1.03339 -9.79774
2.38 -3.07319 -0.18271 1.00579 -9.79774
2.39 -3.07496 -0.17237 0.979727 -9.79774
2.4 -3.07664 -0.162293 0.955161 -9.79774
2.41 -3.07821 -0.152465 0.932053 -9.79774
2.42 -3.07969 -0.142871 0.910369 -9.79774
2.43 -3.08107 -0.133495 0.890076 -9.79774
2.44 -3.08236 -0.124323 0.871144 -9.79774
2.45 -3.08356 -0.115341 0.853543 -9.79774
2.46 -3.08466 -0.106536 0.837247 -9.79774
2.47 -3.08569 -0.097894 0.822232 -9.79774
2.48 -3.08662 -0.0894018 0.808475 -9.79774
2.49 -3.08747 -0.0810465 0.795954 -9.79774
2.5 -3.08824 -0.0728152 0.784652 -9.79774
2.51 -3.08893 -0.0646954 0.77455 -9.79774
2.52 -3.08954 -0.0566746 0.765634 -9.79774
2.53 -3.09007 -0.0487406 0.757889 -9.79774
2.54 -3.09051 -0.0408812 0.751305 -9.79774
2.55 -3.09088 -0.0330844 0.74587 -9.79774
2.56 -3.09118 -0.0253383 0.741578 -9.79774
2.57 -3.09139 -0.017631 0.738421 -9.79774
2.58 -3.09153 -0.00995061 0.736394 -9.79774
2.59 -3.09159 -0.0022855 0.735495 -9.79774
2.6 -3.09157 0.00537612 0.735722 -9.79774
2.61 -3.09148 0.013046 0.737076 -9.79774
2.62 -3.09131 0.0207358 0.739558 -9.79774
2.63 -3.09107 0.0284574 0.743172 -9.79774
2.64 -3.09074 0.0362225 0.747924 -9.79774
2.65 -3.09034 0.0440431 0.753821 -9.79774
2.66 -3.08986 0.0519311 0.760872 -9.79774
2.67 -3.0893 0.0598986 0.769088 -9.79774
2.68 -3.08866 0.0679579 0.778481 -9.79774
2.69 -3.08794 0.0761211 0.789065 -9.79774
2.7 -3.08714 0.0844009 0.800857 -9.79774
2.71 -3.08626 0.0928099 0.813874 -9.79774
2.72 -3.08528 0.101361 0.828136 -9.79774
2.73 -3.08423 0.110067 0.843665 -9.79774
2.74 -3.08308 0.118942 0.860484 -9.79774
2.75 -3.08185 0.127998 0.878618 -9.79774
2.76 -3.08052 0.137251 0.898096 -9.79774
2.77 -3.0791 0.146714 0.918946 -9.79774
2.78 -3.07759 0.156401 0.9412 -9.79774
2.79 -3.07597 0.166327 0.964892 -9.79774
2.8 -3.07426 0.176508 0.990057 -9.79774
2.81 -3.07244 0.186958 1.01673 -9.79774
2.82 -3.07052 0.197695 1.04496 -9.79774
2.83 -3.06849 0.208734 1.07478 -9.79774
2.84 -3.06634 0.220092 1.10624 -9.79774
2.85 -3.06408 0.231786 1.13939 -9.79774
2.86 -3.06171 0.243835 1.17427 -9.79774
2.87 -3.05921 0.256257 1.21094 -9.79774
2.88 -3.05658 0.269069 1.24945 -9.79774
2.89 -3.05382 0.282293 1.28986 -9.79774
2.9 -3.05093 0.295948 1.33223 -9.79774
2.91 -3.0479 0.310055 1.37662 -9.79774
2.92 -3.04473 0.324635 1.4231 -9.79774
2.93 -3.04141 0.339711 1.47174 -9.79774
2.94 -3.03793 0.355304 1.5226 -9.79774
2.95 -3.0343 0.371439 1.57577 -9.79774
2.96 -3.0305 0.388141 1.63131 -9.79774
2.97 -3.02654 0.405434 1.68932 -9.79774
2.98 -3.02239 0.423344 1.74987 -9.79774
2.99 -3.01807 0.441898 1.81305 -9.79774
3 -3.01355 0.461125 1.87896 -9.79774
3.01 -3.00884 0.481053 1.94768 -9.79774
3.02 -3.00393 0.501712 2.01932 -9.79774
3.03 -2.99881 0.523133 2.09398 -9.79774
3.04 -2.99346 0.545347 2.17175 -9.79774
3.05 -2.9879 0.568389 2.25275 -9.79774
3.06 -2.98209 0.592291 2.33709 -9.79774
3.07 -2.97605 0.61709 2.42489 -9.79774
3.08 -2.96975 0.642822 2.51626 -9.79774
3.09 -2.96319 0.669525 2.61133 -9.79774
3.1 -2.95635 0.697238 2.71022 -9.79774
3.11 -2.94924 0.726002 2.81306 -9.79774
3.12 -2.94183 0.755858 2.91998 -9.79774
3.13 -2.93412 0.786849 3.03113 -9.79774
3.14 -2.92609 0.819021 3.14663 -9.79774
3.15 -2.91773 0.85242 3.26664 -9.79774
3.16 -2.90904 0.887092 3.39129 -9.79774
3.17 -2.89999 0.923088 3.52073 -9.79774
3.18 -2.89057 0.960458 3.65511 -9.79774
3.19 -2.88077 0.999254 3.79458 -9.79774
3.2 -2.87058 1.03953 3.9393 -9.79774
3.21 -2.85998 1.08134 4.0894 -9.79774
3.22 -2.84895 1.12475 4.24505 -9.79774
3.23 -2.83748 1.1698 4.40639 -9.79774
3.24 -2.82555 1.21657 4.57357 -9.79774
3.25 -2.81314 1.2651 4.74674 -9.79774
3.26 -2.80024 1.31548 4.92604 -9.79774
3.27 -2.78682 1.36775 5.11159 -9.79774
3.28 -2.77288 1.42199 5.30354 -9.79774
3.29 -2.75838 1.47826 5.502 -9.79774
3.3 -2.74331 1.53664 5.70707 -9.79774
3.31 -2.72764 1.59718 5.91886 -9.79774
3.32 -2.71135 1.65997 6.13745 -9.79774
3.33 -2.69443 1.72507 6.36289 -9.79774
3.34 -2.67684 1.79256 6.59523 -9.79774
3.35 -2.65857 1.8625 6.83448 -9.79774
3.36 -2.63959 1.93497 7.08064 -9.79774
3.37 -2.61986 2.01003 7.33366 -9.79774
3.38 -2.59938 2.08777 7.59346 -9.79774
3.39 -2.5781 2.16825 7.85992 -9.79774
3.4 -2.556 2.25154 8.13286 -9.79774
3.41 -2.53306 2.33771 8.41206 -9.79774
3.42 -2.50924 2.42682 8.69724 -9.79774
3.43 -2.48451 2.51892 8.98804 -9.79774
3.44 -2.45885 2.61408 9.28404 -9.79774
3.45 -2.43222 2.71236 9.58473 -9.79774
3.46 -2.40459 2.81378 9.88951 -9.79774
3.47 -2.37593 2.9184 10.1977 -9.79774
3.48 -2.34621 3.02624 10.5084 -9.79774
3.49 -2.3154 3.13733 10.8208 -9.79774
3.5 -2.28346 3.25168 11.1337 -9.79774
3.51 -2.25035 3.36928 11.4461 -9.79774
3.52 -2.21606 3.49013 11.7564 -9.79774
3.53 -2.18054 3.61419 12.0633 -9.79774
3.54 -2.14376 3.74143 12.3649 -9.79774
3.55 -2.1057 3.87177 12.6596 -9.79774
3.56 -2.06632 4.00514 12.9451 -9.79774
3.57 -2.02559 4.14142 13.2193 -9.79774
3.58 -1.98348 4.28049 13.4796 -9.79774
3.59 -1.93997 4.42219 13.7236 -9.79774
3.6 -1.89503 4.56633 13.9483 -9.79774
3.61 -1.84864 4.7127 14.1507 -9.79774
3.62 -1.80077 4.86105 14.3276 -9.79774
3.63 -1.75141 5.01109 14.4756 -9.79774
3.64 -1.70054 5.16251 14.5913 -9.79774
3.65 -1.64816 5.31496 14.671 -9.79774
3.66 -1.59424 5.46802 14.711 -9.79774
3.67 -1.53879 5.62128 14.7075 -9.79774
3.68 -1.48182 5.77426 14.6568 -9.79774
3.69 -1.42331 5.92646 14.5553 -9.79774
3.7 -1.36329 6.07731 14.3993 -9.79774
3.71 -1.30177 6.22624 14.1857 -9.79774
3.72 -1.23878 6.37263 13.9113 -9.79774
3.73 -1.17433 6.51584 13.5736 -9.79774
3.74 -1.10847 6.65519 13.1702 -9.79774
3.75 -1.04124 6.78999 12.6995 -9.79774
3.76 -0.972689 6.91953 12.1605 -9.79774
3.77 -0.902871 7.04309 11.5529 -9.79774
3.78 -0.83185 7.15997 10.877 -9.79774
3.79 -0.759696 7.26946 10.1342 -9.79774
3.8 -0.686488 7.37088 9.32672 -9.79774
3.81 -0.612308 7.46356 8.45756 -9.79774
3.82 -0.537248 7.54688 7.53074 -9.79774
3.83 -0.461403 7.62026 6.55119 -9.79774
3.84 -0.384877 7.6832 5.52468 -9.79774
3.85 -0.307776 7.73522 4.45776 -9.79774
3.86 -0.23021 7.77595 3.3577 -9.79774
3.87 -0.152295 7.80509 2.23238 -9.79774
3.88 -0.0741481 7.8224 1.09009 -9.79774
3.89 0.00411268 7.82777 -0.060518 -9.79774
3.9 0.0823672 7.82114 -1.21066 -9.79774
3.91 0.160496 7.80258 -2.35157 -9.79774
3.92 0.238379 7.77221 -3.47463 -9.79774
3.93 0.315901 7.73028 -4.57156 -9.79774
3.94 0.392947 7.67709 -5.63456 -9.79774
3.95 0.469407 7.61304 -6.65644 -9.79774
3.96 0.545173 7.53858 -7.6307 -9.79774
3.97 0.620146 7.45425 -8.55168 -9.79774
3.98 0.694227 7.36062 -9.41454 -9.79774
3.99 0.767329 7.25833 -10.2154 -9.79774
4 0.839367 7.14803 -10.9512 -9.79774
4.01 0.910265 7.03041 -11.6199 -9.79774
4.02 0.979953 6.90618 -12.2204 -9.79774
4.03 1.04837 6.77606 -12.7522 -9.79774
4.04 1.11546 6.64075 -13.2157 -9.79774
4.05 1.18117 6.50096 -13.6121 -9.79774
4.06 1.24546 6.35739 -13.9431 -9.79774
4.07 1.30831 6.2107 -14.211 -9.79774
4.08 1.36967 6.06154 -14.4184 -9.79774
4.09 1.42953 5.91052 -14.5684 -9.79774
4.1 1.48788 5.75822 -14.6644 -9.79774
4.11 1.54469 5.60518 -14.71 -9.79774
4.12 1.59998 5.45192 -14.7087 -9.79774
4.13 1.65373 5.2989 -14.6644 -9.79774
4.14 1.70596 5.14655 -14.5808 -9.79774
4.15 1.75667 4.99526 -14.4615 -9.79774
4.16 1.80587 4.84538 -14.3103 -9.79774
4.17 1.85358 4.69722 -14.1306 -9.79774
4.18 1.89982 4.55108 -13.9257 -9.79774
4.19 1.94461 4.40718 -13.6988 -9.79774
4.2 1.98797 4.26575 -13.453 -9.79774
4.21 2.02993 4.12697 -13.191 -9.79774
4.22 2.07052 3.99099 -12.9156 -9.79774
4.23 2.10976 3.85793 -12.629 -9.79774
4.24 2.14769 3.72791 -12.3335 -9.79774
4.25 2.18433 3.60101 -12.0312 -9.79774
4.26 2.21972 3.47728 -11.724 -9.79774
4.27 2.25389 3.35677 -11.4133 -9.79774
4.28 2.28687 3.23951 -11.1009 -9.79774
4.29 2.31869 3.1255 -10.7879 -9.79774
4.3 2.34939 3.01476 -10.4757 -9.79774
4.31 2.37899 2.90725 -10.1652 -9.79774
4.32 2.40754 2.80297 -9.85731 -9.79774
4.33 2.43506 2.70188 -9.55293 -9.79774
4.34 2.46159 2.60394 -9.25271 -9.79774
4.35 2.48715 2.5091 -8.95723 -9.79774
4.36 2.51178 2.41731 -8.667 -9.79774
4.37 2.53551 2.32852 -8.38243 -9.79774
4.38 2.55836 2.24266 -8.10388 -9.79774
4.39 2.58037 2.15967 -7.83161 -9.79774
4.4 2.60157 2.07948 -7.56585 -9.79774
4.41 2.62197 2.00202 -7.30675 -9.79774
4.42 2.64162 1.92723 -7.05445 -9.79774
4.43 2.66052 1.85503 -6.80902 -9.79774
4.44 2.67872 1.78535 -6.57049 -9.79774
4.45 2.69624 1.71812 -6.33887 -9.79774
4.46 2.71309 1.65327 -6.11416 -9.79774
4.47 2.72931 1.59072 -5.89629 -9.79774
4.48 2.74492 1.5304 -5.68521 -9.79774
4.49 2.75993 1.47225 -5.48083 -9.79774
4.5 2.77437 1.4162 -5.28307 -9.79774
4.51 2.78826 1.36217 -5.0918 -9.79774
4.52 2.80162 1.3101 -4.9069 -9.79774
4.53 2.81447 1.25992 -4.72826 -9.79774
4.54 2.82682 1.21157 -4.55573 -9.79774
4.55 2.8387 1.16499 -4.38917 -9.79774
4.56 2.85013 1.12011 -4.22843 -9.79774
4.57 2.86111 1.07687 -4.07337 -9.79774
4.58 2.87167 1.03523 -3.92384 -9.79774
4.59 2.88182 0.995109 -3.77969 -9.79774
4.6 2.89158 0.956465 -3.64076 -9.79774
4.61 2.90096 0.919242 -3.5069 -9.79774
4.62 2.90997 0.883388 -3.37797 -9.79774
4.63 2.91863 0.848851 -3.25381 -9.79774
4.64 2.92695 0.815584 -3.13429 -9.79774
4.65 2.93494 0.783538 -3.01925 -9.79774
4.66 2.94262 0.752668 -2.90855 -9.79774
4.67 2.95 0.722929 -2.80206 -9.79774
4.68 2.95709 0.694277 -2.69964 -9.79774
4.69 2.96389 0.666672 -2.60116 -9.79774
4.7 2.97042 0.640073 -2.50649 -9.79774
4.71 2.97669 0.614441 -2.4155 -9.79774
4.72 2.98271 0.589738 -2.32807 -9.79774
4.73 2.98849 0.565928 -2.24408 -9.79774
4.74 2.99404 0.542975 -2.16343 -9.79774
4.75 2.99935 0.520845 -2.08599 -9.79774
4.76 3.00446 0.499506 -2.01166 -9.79774
4.77 3.00935 0.478925 -1.94033 -9.79774
4.78 3.01404 0.459072 -1.87191 -9.79774
4.79 3.01853 0.439917 -1.80629 -9.79774
4.8 3.02284 0.421432 -1.74339 -9.79774
4.81 3.02696 0.403588 -1.68311 -9.79774
4.82 3.03091 0.386358 -1.62536 -9.79774
4.83 3.03469 0.369718 -1.57007 -9.79774
4.84 3.03831 0.35364 -1.51715 -9.79774
4.85 3.04177 0.338102 -1.46652 -9.79774
4.86 3.04507 0.32308 -1.41812 -9.79774
4.87 3.04823 0.308551 -1.37186 -9.79774
4.88 3.05124 0.294492 -1.32768 -9.79774
4.89 3.05412 0.280884 -1.28552 -9.79774
4.9 3.05686 0.267704 -1.24531 -9.79774
4.91 3.05948 0.254933 -1.207 -9.79774
4.92 3.06196 0.242552 -1.17052 -9.79774
4.93 3.06433 0.230541 -1.13583 -9.79774
4.94 3.06657 0.218883 -1.10286 -9.79774
4.95 3.06871 0.207559 -1.07157 -9.79774
4.96 3.07073 0.196553 -1.04192 -9.79774
4.97 3.07264 0.185847 -1.01386 -9.79774
4.98 3.07444 0.175425 -0.987343 -9.79774
4.99 3.07615 0.165272 -0.962335 -9.79774
5 3.07775 0.155371 -0.938795 -9.79774
5.01 3.07926 0.145709 -0.91669 -9.79774
5.02 3.08067 0.136269 -0.895986 -9.79774
5.03 3.08198 0.127038 -0.876651 -9.79774
5.04 3.08321 0.118001 -0.858656 -9.79774
5.05 3.08434 0.109144 -0.841974 -9.79774
5.06 3.08539 0.100455 -0.826579 -9.79774
5.07 3.08635 0.0919196 -0.812449 -9.79774
5.08 3.08723 0.0835247 -0.799562 -9.79774
5.09 3.08802 0.0752578 -0.787898 -9.79774
5.1 3.08873 0.067106 -0.777439 -9.79774
5.11 3.08937 0.059057 -0.768171 -9.79774
5.12 3.08992 0.0510984 -0.760078 -9.79774
5.13 3.09039 0.043218 -0.753149 -9.79774
5.14 3.09078 0.0354038 -0.747373 -9.79774
5.15 3.0911 0.0276437 -0.742741 -9.79774
5.16 3.09133 0.019926 -0.739245 -9.79774
5.17 3.09149 0.0122389 -0.736882 -9.79774
5.18 3.09158 0.00457042 -0.735647 -9.79774
5.19 3.09159 -0.00309103 -0.735538 -9.79774
5.2 3.09152 -0.0107572 -0.736556 -9.79774
5.21 3.09137 -0.0184399 -0.738701 -9.79774
5.22 3.09115 -0.0261507 -0.741977 -9.79774
5.23 3.09085 -0.0339017 -0.746389 -9.79774
5.24 3.09047 -0.0417045 -0.751944 -9.79774
5.25 3.09001 -0.0495712 -0.75865 -9.79774
5.26 3.08948 -0.0575137 -0.766517 -9.79774
5.27 3.08886 -0.0655444 -0.775558 -9.79774
5.28 3.08817 -0.0736753 -0.785785 -9.79774
5.29 3.08739 -0.0819191 -0.797215 -9.79774
5.3 3.08653 -0.0902882 -0.809865 -9.79774
5.31 3.08558 -0.0987955 -0.823753 -9.79774
5.32 3.08455 -0.107454 -0.838902 -9.79774
5.33 3.08343 -0.116277 -0.855333 -9.79774
5.34 3.08223 -0.125278 -0.873073 -9.79774
5.35 3.08093 -0.134471 -0.892147 -9.79774
5.36 3.07954 -0.143869 -0.912585 -9.79774
5.37 3.07805 -0.153488 -0.934417 -9.79774
5.38 3.07646 -0.163341 -0.957676 -9.79774
5.39 3.07478 -0.173444 -0.982398 -9.79774
5.4 3.073 -0.183813 -1.00862 -9.79774
5.41 3.0711 -0.194463 -1.03638 -9.79774
5.42 3.0691 -0.20541 -1.06572 -9.79774
5.43 3.06699 -0.216671 -1.09669 -9.79774
5.44 3.06477 -0.228263 -1.12933 -9.79774
5.45 3.06243 -0.240205 -1.16369 -9.79774
5.46 3.05997 -0.252513 -1.19982 -9.79774
5.47 3.05738 -0.265207 -1.23777 -9.79774
5.48 3.05466 -0.278306 -1.27761 -9.79774
5.49 3.05181 -0.291831 -1.31939 -9.79774
5.5 3.04882 -0.305801 -1.36317 -9.79774
5.51 3.04569 -0.320237 -1.40902 -9.79774
5.52 3.04242 -0.335163 -1.45701 -9.79774
5.53 3.03899 -0.350599 -1.5072 -9.79774
5.54 3.0354 -0.36657 -1.55967 -9.79774
5.55 3.03165 -0.3831 -1.6145 -9.79774
5.56 3.02774 -0.400214 -1.67176 -9.79774
5.57 3.02365 -0.417938 -1.73155 -9.79774
5.58 3.01938 -0.436297 -1.79394 -9.79774
5.59 3.01492 -0.455321 -1.85902 -9.79774
5.6 3.01027 -0.475036 -1.92689 -9.79774
5.61 3.00542 -0.495474 -1.99765 -9.79774
5.62 3.00036 -0.516665 -2.0714 -9.79774
5.63 2.99508 -0.538639 -2.14823 -9.79774
5.64 2.98958 -0.56143 -2.22826 -9.79774
5.65 2.98385 -0.585073 -2.31159 -9.79774
5.66 2.97788 -0.6096 -2.39834 -9.79774
5.67 2.97165 -0.63505 -2.48864 -9.79774
5.68 2.96517 -0.66146 -2.58259 -9.79774
5.69 2.95842 -0.688867 -2.68032 -9.79774
5.7 2.95139 -0.717313 -2.78197 -9.79774
5.71 2.94407 -0.746839 -2.88767 -9.79774
5.72 2.93645 -0.777488 -2.99754 -9.79774
5.73 2.92852 -0.809303 -3.11173 -9.79774
5.74 2.92026 -0.842331 -3.23038 -9.79774
5.75 2.91167 -0.876618 -3.35363 -9.79774
5.76 2.90272 -0.912215 -3.48163 -9.79774
5.77 2.89342 -0.949169 -3.61452 -9.79774
5.78 2.88374 -0.987535 -3.75246 -9.79774
5.79 2.87366 -1.02736 -3.89559 -9.79774
5.8 2.86318 -1.06871 -4.04408 -9.79774
5.81 2.85228 -1.11163 -4.19806 -9.79774
5.82 2.84095 -1.15619 -4.35768 -9.79774
5.83 2.82915 -1.20244 -4.52311 -9.79774
5.84 2.81689 -1.25044 -4.69448 -9.79774
5.85 2.80414 -1.30026 -4.87193 -9.79774
5.86 2.79088 -1.35196 -5.05561 -9.79774
5.87 2.77709 -1.40561 -5.24564 -9.79774
5.88 2.76276 -1.46127 -5.44214 -9.79774
5.89 2.74786 -1.51901 -5.64523 -9.79774
5.9 2.73237 -1.5789 -5.85501 -9.79774
5.91 2.71627 -1.64101 -6.07156 -9.79774
5.92 2.69954 -1.70542 -6.29495 -9.79774
5.93 2.68216 -1.77218 -6.52523 -9.79774
5.94 2.66409 -1.84138 -6.76243 -9.79774
5.95 2.64532 -1.91309 -7.00653 -9.79774
5.96 2.62582 -1.98738 -7.25751 -9.79774
5.97 2.60557 -2.06431 -7.5153 -9.79774
5.98 2.58453 -2.14397 -7.77978 -9.79774
5.99 2.56268 -2.22641 -8.05081 -9.79774
6 2.53999 -2.31171 -8.32817 -9.79774
6.01 2.51643 -2.39994 -8.6116 -9.79774
6.02 2.49198 -2.49114 -8.90077 -9.79774
6.03 2.4666 -2.58539 -9.19527 -9.79774
6.04 2.44026 -2.68273 -9.49462 -9.79774
6.05 2.41294 -2.78321 -9.79825 -9.79774
6.06 2.38459 -2.88687 -10.1055 -9.79774
6.07 2.35519 -2.99375 -10.4155 -9.79774
6.08 2.3247 -3.10387 -10.7275 -9.79774
6.09 2.2931 -3.21724 -11.0404 -9.79774
6.1 2.26035 -3.33388 -11.3531 -9.79774
6.11 2.22641 -3.45376 -11.6642 -9.79774
6.12 2.19126 -3.57687 -11.9723 -9.79774
6.13 2.15486 -3.70317 -12.2757 -9.79774
6.14 2.11719 -3.83259 -12.5726 -9.79774
6.15 2.0782 -3.96507 -12.861 -9.79774
6.16 2.03788 -4.10049 -13.1388 -9.79774
6.17 1.99618 -4.23875 -13.4036 -9.79774
6.18 1.95309 -4.37968 -13.6527 -9.79774
6.19 1.90858 -4.52311 -13.8835 -9.79774
6.2 1.86262 -4.66884 -14.0929 -9.79774
6.21 1.8152 -4.81663 -14.2777 -9.79774
6.22 1.76628 -4.9662 -14.4347 -9.79774
6.23 1.71587 -5.11724 -14.5604 -9.79774
6.24 1.66393 -5.26942 -14.6512 -9.79774
6.25 1.61048 -5.42234 -14.7034 -9.79774
6.26 1.55549 -5.57559 -14.7133 -9.79774
6.27 1.49896 -5.72871 -14.6771 -9.79774
6.28 1.44091 -5.88119 -14.5911 -9.79774
6.29 1.38134 -6.03251 -14.4517 -9.79774
6.3 1.32027 -6.18207 -14.2556 -9.79774
6.31 1.25771 -6.32929 -13.9997 -9.79774
6.32 1.19369 -6.47352 -13.6811 -9.79774
6.33 1.12825 -6.61409 -13.2974 -9.79774
6.34 1.06143 -6.75031 -12.847 -9.79774
6.35 0.993263 -6.8815 -12.3284 -9.79774
6.36 0.923816 -7.00692 -11.7412 -9.79774
6.37 0.853147 -7.12587 -11.0856 -9.79774
6.38 0.781323 -7.23763 -10.3626 -9.79774
6.39 0.70842 -7.34153 -9.57409 -9.79774
6.4 0.634521 -7.43688 -8.72293 -9.79774
6.41 0.559713 -7.52305 -7.81283 -9.79774
6.42 0.484092 -7.59945 -6.84844 -9.79774
6.43 0.407759 -7.66556 -5.83527 -9.79774
6.44 0.330817 -7.72088 -4.77967 -9.79774
6.45 0.253378 -7.76501 -3.6887 -9.79774
6.46 0.175556 -7.79763 -2.57005 -9.79774
6.47 0.0974651 -7.81848 -1.43193 -9.79774
6.48 0.0192256 -7.82742 -0.282887 -9.79774
6.49 -0.0590434 -7.82437 0.868318 -9.79774
6.5 -0.137222 -7.80935 2.01289 -9.79774
6.51 -0.215191 -7.78249 3.14215 -9.79774
6.52 -0.292833 -7.74398 4.24771 -9.79774
6.53 -0.370033 -7.6941 5.32162 -9.79774
6.54 -0.446678 -7.63324 6.35647 -9.79774
6.55 -0.522662 -7.56184 7.34556 -9.79774
6.56 -0.597882 -7.48039 8.28297 -9.79774
6.57 -0.672238 -7.38947 9.1636 -9.79774
6.58 -0.745641 -7.28969 9.98329 -9.79774
6.59 -0.818005 -7.18171 10.7388 -9.79774
6.6 -0.889251 -7.0662 11.4277 -9.79774
6.61 -0.959306 -6.94387 12.0485 -9.79774
6.62 -1.02811 -6.81543 12.6008 -9.79774
6.63 -1.0956 -6.68159 13.0846 -9.79774
6.64 -1.16172 -6.54307 13.5009 -9.79774
6.65 -1.22644 -6.40055 13.8512 -9.79774
6.66 -1.28972 -6.25472 14.1376 -9.79774
6.67 -1.35153 -6.10623 14.3627 -9.79774
6.68 -1.41184 -5.9557 14.5295 -9.79774
6.69 -1.47064 -5.80373 14.6413 -9.79774
6.7 -1.52791 -5.65086 14.7015 -9.79774
6.71 -1.58366 -5.49761 14.7138 -9.79774
6.72 -1.63787 -5.34447 14.6819 -9.79774
6.73 -1.69055 -5.19188 14.6096 -9.79774
6.74 -1.74171 -5.04023 14.5006 -9.79774
6.75 -1.79136 -4.8899 14.3585 -9.79774
6.76 -1.83951 -4.7412 14.1869 -9.79774
6.77 -1.88619 -4.59443 13.9892 -9.79774
6.78 -1.93141 -4.44984 13.7686 -9.79774
6.79 -1.97519 -4.30765 13.5281 -9.79774
6.8 -2.01757 -4.16806 13.2707 -9.79774
6.81 -2.05856 -4.03123 12.999 -9.79774
6.82 -2.0982 -3.89729 12.7155 -9.79774
6.83 -2.13652 -3.76636 12.4224 -9.79774
6.84 -2.17354 -3.63851 12.122 -9.79774
6.85 -2.2093 -3.51383 11.816 -9.79774
6.86 -2.24383 -3.39236 11.5062 -9.79774
6.87 -2.27716 -3.27413 11.1941 -9.79774
6.88 -2.30932 -3.15915 10.8812 -9.79774
6.89 -2.34035 -3.04744 10.5686 -9.79774
6.9 -2.37028 -2.93897 10.2575 -9.79774
6.91 -2.39914 -2.83373 9.94877 -9.79774
6.92 -2.42696 -2.73169 9.64328 -9.79774
6.93 -2.45378 -2.63281 9.34175 -9.79774
6.94 -2.47963 -2.53706 9.0448 -9.79774
6.95 -2.50454 -2.44436 8.75295 -9.79774
6.96 -2.52853 -2.35468 8.46666 -9.79774
6.97 -2.55164 -2.26795 8.18628 -9.79774
6.98 -2.5739 -2.18411 7.91211 -9.79774
6.99 -2.59533 -2.1031 7.64439 -9.79774
7 -2.61597 -2.02483 7.3833 -9.79774
7.01 -2.63584 -1.94925 7.12896 -9.79774
7.02 -2.65496 -1.87629 6.88147 -9.79774
7.03 -2.67337 -1.80587 6.64088 -9.79774
7.04 -2.69109 -1.73791 6.40721 -9.79774
7.05 -2.70814 -1.67236 6.18044 -9.79774
7.06 -2.72454 -1.60913 5.96053 -9.79774
7.07 -2.74033 -1.54816 5.74744 -9.79774
7.08 -2.75551 -1.48937 5.54107 -9.79774
7.09 -2.77012 -1.43269 5.34135 -9.79774
7.1 -2.78417 -1.37807 5.14815 -9.79774
7.11 -2.79769 -1.32542 4.96137 -9.79774
7.12 -2.81069 -1.27468 4.78088 -9.79774
7.13 -2.82319 -1.2258 4.60654 -9.79774
7.14 -2.83521 -1.17869 4.43821 -9.79774
7.15 -2.84677 -1.13331 4.27575 -9.79774
7.16 -2.85788 -1.0896 4.11902 -9.79774
7.17 -2.86857 -1.04748 3.96785 -9.79774
7.18 -2.87884 -1.00691 3.82211 -9.79774
7.19 -2.88871 -0.967836 3.68164 -9.79774
7.2 -2.8982 -0.930195 3.54629 -9.79774
7.21 -2.90732 -0.893937 3.4159 -9.79774
7.22 -2.91608 -0.859013 3.29034 -9.79774
7.23 -2.9245 -0.825372 3.16945 -9.79774
7.24 -2.93259 -0.792967 3.05308 -9.79774
7.25 -2.94037 -0.761751 2.94111 -9.79774
7.26 -2.94783 -0.731679 2.83338 -9.79774
7.27 -2.955 -0.702708 2.72976 -9.79774
7.28 -2.96189 -0.674796 2.63012 -9.79774
7.29 -2.9685 -0.647901 2.53432 -9.79774
7.3 -2.97485 -0.621984 2.44225 -9.79774
7.31 -2.98095 -0.597008 2.35377 -9.79774
7.32 -2.98679 -0.572935 2.26877 -9.79774
7.33 -2.99241 -0.54973 2.18713 -9.79774
7.34 -2.99779 -0.527359 2.10875 -9.79774
7.35 -3.00296 -0.505787 2.0335 -9.79774
7.36 -3.00791 -0.484984 1.96129 -9.79774
7.37 -3.01266 -0.464917 1.89201 -9.79774
7.38 -3.01721 -0.445557 1.82557 -9.79774
7.39 -3.02157 -0.426875 1.76186 -9.79774
7.4 -3.02575 -0.408842 1.70081 -9.79774
7.41 -3.02975 -0.391432 1.64232 -9.79774
7.42 -3.03358 -0.374619 1.5863 -9.79774
7.43 -3.03725 -0.358376 1.53268 -9.79774
7.44 -3.04075 -0.34268 1.48138 -9.79774
7.45 -3.0441 -0.327506 1.43232 -9.79774
7.46 -3.0473 -0.312832 1.38543 -9.79774
7.47 -3.05036 -0.298636 1.34064 -9.79774
7.48 -3.05328 -0.284895 1.29789 -9.79774
7.49 -3.05606 -0.27159 1.2571 -9.79774
7.5 -3.05871 -0.258699 1.21823 -9.79774
7.51 -3.06123 -0.246203 1.18121 -9.79774
7.52 -3.06363 -0.234084 1.14599 -9.79774
7.53 -3.06592 -0.222323 1.11251 -9.79774
7.54 -3.06808 -0.210901 1.08073 -9.79774
7.55 -3.07014 -0.199802 1.05059 -9.79774
7.56 -3.07208 -0.189008 1.02206 -9.79774
7.57 -3.07392 -0.178503 0.99509 -9.79774
7.58 -3.07565 -0.168272 0.969636 -9.79774
7.59 -3.07728 -0.158298 0.945663 -9.79774
7.6 -3.07882 -0.148565 0.923134 -9.79774
7.61 -3.08026 -0.139061 0.902015 -9.79774
7.62 -3.0816 -0.129769 0.882275 -9.79774
7.63 -3.08285 -0.120675 0.863883 -9.79774
7.64 -3.08401 -0.111767 0.846813 -9.79774
7.65 -3.08509 -0.103029 0.831037 -9.79774
7.66 -3.08607 -0.0944488 0.816532 -9.79774
7.67 -3.08698 -0.0860134 0.803276 -9.79774
7.68 -3.0878 -0.0777096 0.79125 -9.79774
7.69 -3.08853 -0.0695248 0.780434 -9.79774
7.7 -3.08919 -0.0614465 0.770812 -9.79774
7.71 -3.08976 -0.0534622 0.76237 -9.79774
7.72 -3.09026 -0.0455597 0.755095 -9.79774
7.73 -3.09067 -0.037727 0.748976 -9.79774
7.74 -3.09101 -0.029952 0.744004 -9.79774
7.75 -3.09127 -0.022223 0.74017 -9.79774
7.76 -3.09145 -0.0145279 0.73747 -9.79774
7.77 -3.09156 -0.00685507 0.735899 -9.79774
7.78 -3.09159 0.000807251 0.735455 -9.79774
7.79 -3.09155 0.00847081 0.736136 -9.79774
7.8 -3.09142 0.0161473 0.737945 -9.79774
7.81 -3.09122 0.0238486 0.740884 -9.79774
7.82 -3.09095 0.0315864 0.744957 -9.79774
7.83 -3.09059 0.0393725 0.75017 -9.79774
7.84 -3.09016 0.0472189 0.756532 -9.79774
7.85 -3.08965 0.0551376 0.764052 -9.79774
7.86 -3.08905 0.0631407 0.772741 -9.79774
7.87 -3.08838 0.0712405 0.782613 -9.79774
7.88 -3.08763 0.0794493 0.793683 -9.79774
7.89 -3.08679 0.0877797 0.805967 -9.79774
7.9 -3.08587 0.0962446 0.819484 -9.79774
7.91 -3.08487 0.104857 0.834255 -9.79774
7.92 -3.08378 0.113629 0.850302 -9.79774
7.93 -3.08259 0.122576 0.867649 -9.79774
7.94 -3.08132 0.13171 0.886322 -9.79774
7.95 -3.07996 0.141046 0.90635 -9.79774
7.96 -3.0785 0.150597 0.927763 -9.79774
7.97 -3.07695 0.160379 0.950594 -9.79774
7.98 -3.07529 0.170406 0.974876 -9.79774
7.99 -3.07354 0.180694 1.00065 -9.79774
8 -3.07168 0.191258 1.02794 -9.79774
8.01 -3.06971 0.202115 1.05681 -9.79774
8.02 -3.06764 0.213281 1.08729 -9.79774
8.03 -3.06545 0.224773 1.11942 -9.79774
8.04 -3.06314 0.236608 1.15326 -9.79774
8.05 -3.06071 0.248805 1.18886 -9.79774
8.06 -3.05816 0.261382 1.22627 -9.79774
8.07 -3.05548 0.274359 1.26554 -9.79774
8.08 -3.05267 0.287754 1.30673 -9.79774
8.09 -3.04973 0.301589 1.34991 -9.79774
8.1 -3.04664 0.315884 1.39514 -9.79774
8.11 -3.04341 0.330662 1.44248 -9.79774
8.12 -3.04002 0.345944 1.492 -9.79774
8.13 -3.03649 0.361753 1.54379 -9.79774
8.14 -3.03279 0.378114 1.59791 -9.79774
8.15 -3.02892 0.395051 1.65444 -9.79774
8.16 -3.02488 0.41259 1.71346 -9.79774
8.17 -3.02067 0.430757 1.77506 -9.79774
8.18 -3.01627 0.44958 1.83934 -9.79774
8.19 -3.01167 0.469086 1.90637 -9.79774
8.2 -3.00688 0.489306 1.97626 -9.79774
8.21 -3.00189 0.510268 2.0491 -9.79774
8.22 -2.99668 0.532006 2.125 -9.79774
8.23 -2.99124 0.55455 2.20406 -9.79774
8.24 -2.98558 0.577935 2.2864 -9.79774
8.25 -2.97968 0.602195 2.37212 -9.79774
8.26 -2.97353 0.627367 2.46135 -9.79774
8.27 -2.96713 0.653486 2.5542 -9.79774
8.28 -2.96046 0.680592 2.65079 -9.79774
8.29 -2.95352 0.708724 2.75126 -9.79774
8.3 -2.94628 0.737924 2.85574 -9.79774
8.31 -2.93875 0.768233 2.96435 -9.79774
8.32 -2.93092 0.799696 3.07724 -9.79774
8.33 -2.92276 0.832358 3.19454 -9.79774
8.34 -2.91426 0.866265 3.31641 -9.79774
8.35 -2.90543 0.901466 3.44297 -9.79774
8.36 -2.89623 0.93801 3.57439 -9.79774
8.37 -2.88666 0.97595 3.71081 -9.79774
8.38 -2.87671 1.01534 3.85238 -9.79774
8.39 -2.86635 1.05623 3.99925 -9.79774
8.4 -2.85558 1.09867 4.15158 -9.79774
8.41 -2.84437 1.14274 4.30951 -9.79774
8.42 -2.83272 1.18848 4.47319 -9.79774
8.43 -2.8206 1.23595 4.64277 -9.79774
8.44 -2.80799 1.28522 4.8184 -9.79774
8.45 -2.79488 1.33635 5.00021 -9.79774
8.46 -2.78126 1.38941 5.18833 -9.79774
8.47 -2.76709 1.44447 5.38289 -9.79774
8.48 -2.75236 1.50158 5.58401 -9.79774
8.49 -2.73705 1.56082 5.79178 -9.79774
8.5 -2.72114 1.62227 6.00631 -9.79774
8.51 -2.7046 1.68598 6.22765 -9.79774
8.52 -2.68741 1.75203 6.45588 -9.79774
8.53 -2.66955 1.8205 6.69101 -9.79774
8.54 -2.65099 1.89145 6.93306 -9.79774
8.55 -2.63171 1.96496 7.18199 -9.79774
8.56 -2.61168 2.0411 7.43776 -9.79774
8.57 -2.59088 2.11994 7.70027 -9.79774
8.58 -2.56928 2.20155 7.96936 -9.79774
8.59 -2.54684 2.28599 8.24486 -9.79774
8.6 -2.52355 2.37334 8.52652 -9.79774
8.61 -2.49936 2.46365 8.81401 -9.79774
8.62 -2.47426 2.55698 9.10697 -9.79774
8.63 -2.44821 2.65339 9.40493 -9.79774
8.64 -2.42119 2.75293 9.70735 -9.79774
8.65 -2.39315 2.85564 10.0136 -9.79774
8.66 -2.36406 2.96156 10.3229 -9.79774
8.67 -2.3339 3.07071 10.6344 -9.79774
8.68 -2.30264 3.18311 10.9472 -9.79774
8.69 -2.27023 3.29878 11.26 -9.79774
8.7 -2.23665 3.41769 11.5717 -9.79774
8.71 -2.20187 3.53984 11.8808 -9.79774
8.72 -2.16584 3.6652 12.1858 -9.79774
8.73 -2.12855 3.79369 12.4849 -9.79774
8.74 -2.08996 3.92527 12.7761 -9.79774
8.75 -2.05004 4.05983 13.0573 -9.79774
8.76 -2.00875 4.19725 13.3262 -9.79774
8.77 -1.96608 4.33741 13.5803 -9.79774
8.78 -1.922 4.48012 13.8168 -9.79774
8.79 -1.87647 4.62519 14.0329 -9.79774
8.8 -1.82949 4.77239 14.2254 -9.79774
8.81 -1.78102 4.92145 14.391 -9.79774
8.82 -1.73105 5.07209 14.5265 -9.79774
8.83 -1.67957 5.22397 14.628 -9.79774
8.84 -1.62657 5.37671 14.6921 -9.79774
8.85 -1.57204 5.52991 14.715 -9.79774
8.86 -1.51597 5.68312 14.6929 -9.79774
8.87 -1.45837 5.83585 14.6221 -9.79774
8.88 -1.39926 5.98757 14.499 -9.79774
8.89 -1.33863 6.13772 14.3202 -9.79774
8.9 -1.27651 6.2857 14.0824 -9.79774
8.91 -1.21292 6.43088 13.7827 -9.79774
8.92 -1.1479 6.57262 13.4187 -9.79774
8.93 -1.08149 6.71021 12.9883 -9.79774
8.94 -1.01372 6.84297 12.4901 -9.79774
8.95 -0.944645 6.97018 11.9234 -9.79774
8.96 -0.874333 7.09114 11.2881 -9.79774
8.97 -0.802845 7.20512 10.585 -9.79774
8.98 -0.730256 7.31143 9.81579 -9.79774
8.99 -0.656645 7.40939 8.98296 -9.79774
9 -0.582098 7.49836 8.08998 -9.79774
9.01 -0.506709 7.57774 7.14123 -9.79774
9.02 -0.430577 7.64696 6.14197 -9.79774
9.03 -0.353805 7.70554 5.09831 -9.79774
9.04 -0.276503 7.75305 4.0171 -9.79774
9.05 -0.198783 7.78913 2.90586 -9.79774
9.06 -0.12076 7.81351 1.77266 -9.79774
9.07 -0.0425521 7.82601 0.625965 -9.79774
9.08 0.0357206 7.82653 -0.525517 -9.79774
9.09 0.113939 7.81508 -1.67298 -9.79774
9.1 0.191982 7.79172 -2.8077 -9.79774
9.11 0.269734 7.75666 -3.92118 -9.79774
9.12 0.347077 7.71013 -5.00532 -9.79774
9.13 0.4239 7.65251 -6.05255 -9.79774
9.14 0.500092 7.58419 -7.05593 -9.79774
9.15 0.57555 7.50568 -8.00931 -9.79774
9.16 0.650173 7.41752 -8.90735 -9.79774
9.17 0.72387 7.32032 -9.74558 -9.79774
9.18 0.796552 7.21471 -10.5205 -9.79774
9.19 0.868138 7.10137 -11.2294 -9.79774
9.2 0.938556 6.981 -11.8707 -9.79774
9.21 1.00774 6.8543 -12.4434 -9.79774
9.22 1.07562 6.722 -12.9475 -9.79774
9.23 1.14216 6.5848 -13.3838 -9.79774
9.24 1.20731 6.4434 -13.7535 -9.79774
9.25 1.27102 6.29849 -14.0587 -9.79774
9.26 1.33327 6.15073 -14.3018 -9.79774
9.27 1.39402 6.00074 -14.4857 -9.79774
9.28 1.45327 5.84914 -14.6135 -9.79774
9.29 1.511 5.69648 -14.6887 -9.79774
9.3 1.5672 5.54329 -14.7149 -9.79774
9.31 1.62187 5.39007 -14.6958 -9.79774
9.32 1.67501 5.23727 -14.6352 -9.79774
9.33 1.72662 5.08531 -14.5367 -9.79774
9.34 1.77672 4.93454 -14.4041 -9.79774
9.35 1.82531 4.78533 -14.241 -9.79774
9.36 1.87243 4.63795 -14.0507 -9.79774
9.37 1.91808 4.49269 -13.8365 -9.79774
9.38 1.96229 4.34976 -13.6017 -9.79774
9.39 2.00508 4.20938 -13.349 -9.79774
9.4 2.04649 4.07171 -13.0813 -9.79774
9.41 2.08653 3.9369 -12.8011 -9.79774
9.42 2.12523 3.80506 -12.5106 -9.79774
9.43 2.16264 3.67629 -12.2122 -9.79774
9.44 2.19877 3.55066 -11.9077 -9.79774
9.45 2.23366 3.42823 -11.5988 -9.79774
9.46 2.26735 3.30903 -11.2873 -9.79774
9.47 2.29985 3.19308 -10.9745 -9.79774
9.48 2.33122 3.08039 -10.6617 -9.79774
9.49 2.36147 2.97096 -10.35 -9.79774
9.5 2.39065 2.86476 -10.0405 -9.79774
9.51 2.41878 2.76177 -9.73394 -9.79774
9.52 2.44589 2.66195 -9.43116 -9.79774
9.53 2.47203 2.56527 -9.13279 -9.79774
9.54 2.49721 2.47167 -8.83937 -9.79774
9.55 2.52147 2.3811 -8.55138 -9.79774
9.56 2.54484 2.2935 -8.26921 -9.79774
9.57 2.56735 2.2088 -7.99316 -9.79774
9.58 2.58903 2.12695 -7.7235 -9.79774
9.59 2.6099 2.04787 -7.46041 -9.79774
9.6 2.62999 1.9715 -7.20405 -9.79774
9.61 2.64934 1.89777 -6.95451 -9.79774
9.62 2.66796 1.82659 -6.71186 -9.79774
9.63 2.68588 1.75791 -6.47613 -9.79774
9.64 2.70312 1.69165 -6.2473 -9.79774
9.65 2.71972 1.62774 -6.02536 -9.79774
9.66 2.73569 1.5661 -5.81024 -9.79774
9.67 2.75105 1.50667 -5.60188 -9.79774
9.68 2.76583 1.44937 -5.40018 -9.79774
9.69 2.78004 1.39414 -5.20505 -9.79774
9.7 2.79372 1.34091 -5.01637 -9.79774
9.71 2.80687 1.28961 -4.83402 -9.79774
9.72 2.81951 1.24018 -4.65786 -9.79774
9.73 2.83168 1.19255 -4.48776 -9.79774
9.74 2.84337 1.14666 -4.32357 -9.79774
9.75 2.85462 1.10245 -4.16514 -9.79774
9.76 2.86543 1.05987 -4.01233 -9.79774
9.77 2.87582 1.01885 -3.86499 -9.79774
9.78 2.88581 0.979329 -3.72296 -9.79774
9.79 2.89541 0.941266 -3.5861 -9.79774
9.8 2.90464 0.904602 -3.45425 -9.79774
9.81 2.91351 0.869285 -3.32727 -9.79774
9.82 2.92203 0.835267 -3.205 -9.79774
9.83 2.93022 0.802499 -3.0873 -9.79774
9.84 2.93808 0.770933 -2.97403 -9.79774
9.85 2.94564 0.740525 -2.86505 -9.79774
9.86 2.9529 0.71123 -2.76022 -9.79774
9.87 2.95987 0.683006 -2.65941 -9.79774
9.88 2.96656 0.655812 -2.56248 -9.79774
9.89 2.97299 0.629608 -2.46931 -9.79774
9.9 2.97916 0.604356 -2.37977 -9.79774
9.91 2.98508 0.580017 -2.29375 -9.79774
9.92 2.99076 0.556558 -2.21112 -9.79774
9.93 2.99621 0.533941 -2.13178 -9.79774
9.94 3.00144 0.512135 -2.0556 -9.79774
9.95 3.00646 0.491105 -1.9825 -9.79774
9.96 3.01126 0.470822 -1.91235 -9.79774
9.97 3.01587 0.451255 -1.84508 -9.79774
9.98 3.02029 0.432373 -1.78057 -9.79774
9.99 3.02452 0.41415 -1.71873 -9.79774
10 3.02858 0.396558 -1.65949 -9.79774
