-180 1.24978 -56.2773 -56.3337
-179 1.23756 -56.4383 -56.4911
-178 1.22534 -56.5994 -56.6488
-177 1.21313 -56.7605 -56.8066
-176 1.20091 -56.9218 -56.9647
-175 1.18869 -57.0831 -57.123
-174 1.17647 -57.2445 -57.2815
-173 1.16426 -57.406 -57.4403
-172 1.15204 -57.5675 -57.5992
-171 1.13982 -57.7292 -57.7584
-170 1.12761 -57.8909 -57.9178
-169 1.11539 -58.0527 -58.0774
-168 1.10317 -58.2147 -58.2372
-167 1.09095 -58.3767 -58.3973
-166 1.07874 -58.5388 -58.5576
-165 1.06652 -58.701 -58.7181
-164 1.0543 -58.8634 -58.8788
-163 1.04208 -59.0258 -59.0397
-162 1.02987 -59.1884 -59.2009
-161 1.01765 -59.3511 -59.3622
-160 1.00543 -59.5139 -59.5238
-159 0.993215 -59.6769 -59.6856
-158 0.980998 -59.84 -59.8477
-157 0.968781 -60.0032 -60.0099
-156 0.956563 -60.1665 -60.1724
-155 0.944346 -60.33 -60.3351
-154 0.932129 -60.4936 -60.498
-153 0.919911 -60.6574 -60.6611
-152 0.907694 -60.8213 -60.8245
-151 0.895477 -60.9854 -60.988
-150 0.88326 -61.1497 -61.1518
-149 0.871042 -61.3141 -61.3158
-148 0.858825 -61.4787 -61.4801
-147 0.846608 -61.6434 -61.6445
-146 0.83439 -61.8083 -61.8092
-145 0.822173 -61.9734 -61.9741
-144 0.809956 -62.1387 -62.1392
-143 0.797738 -62.3042 -62.3045
-142 0.785521 -62.4698 -62.47
-141 0.773304 -62.6357 -62.6358
-140 0.761087 -62.8017 -62.8018
-139 0.748869 -62.968 -62.968
-138 0.736652 -63.1344 -63.1344
-137 0.724435 -63.3011 -63.3011
-136 0.712217 -63.4679 -63.4679
-135 0.7 -63.635 -63.635
-134 0.687918 -63.8004 -63.8005
-133 0.676108 -63.9622 -63.9624
-132 0.66457 -64.1203 -64.1208
-131 0.653303 -64.2749 -64.2757
-130 0.642307 -64.4257 -64.427
-129 0.631583 -64.573 -64.5747
-128 0.621131 -64.7165 -64.7189
-127 0.610949 -64.8564 -64.8595
-126 0.60104 -64.9927 -64.9965
-125 0.591402 -65.1252 -65.1299
-124 0.582035 -65.2541 -65.2596
-123 0.57294 -65.3793 -65.3857
-122 0.564116 -65.5007 -65.5082
-121 0.555564 -65.6185 -65.627
-120 0.547284 -65.7325 -65.7421
-119 0.539275 -65.8428 -65.8535
-118 0.531537 -65.9493 -65.9613
-117 0.524071 -66.0522 -66.0654
-116 0.516876 -66.1512 -66.1657
-115 0.509953 -66.2465 -66.2624
-114 0.503301 -66.3381 -66.3553
-113 0.496921 -66.4258 -66.4445
-112 0.490813 -66.5098 -66.5299
-111 0.484975 -66.59 -66.6116
-110 0.47941 -66.6665 -66.6896
-109 0.474116 -66.7391 -66.7638
-108 0.469093 -66.8079 -66.8342
-107 0.464342 -66.8729 -66.9008
-106 0.459862 -66.934 -66.9637
-105 0.455654 -66.9914 -67.0228
-104 0.451717 -67.0449 -67.0781
-103 0.448052 -67.0946 -67.1296
-102 0.444658 -67.1404 -67.1773
-101 0.441536 -67.1824 -67.2212
-100 0.438685 -67.2205 -67.2613
-99 0.436106 -67.2547 -67.2976
-98 0.433799 -67.2851 -67.3301
-97 0.431762 -67.3116 -67.3588
-96 0.429998 -67.3343 -67.3836
-95 0.428504 -67.353 -67.4047
-94 0.427283 -67.3679 -67.4219
-93 0.426332 -67.3789 -67.4352
-92 0.425654 -67.3859 -67.4448
-91 0.425246 -67.3891 -67.4505
-90 0.425111 -67.3883 -67.4525
-89 0.425246 -67.3837 -67.4505
-88 0.425654 -67.3751 -67.4448
-87 0.426332 -67.3626 -67.4352
-86 0.427283 -67.3462 -67.4219
-85 0.428504 -67.3258 -67.4047
-84 0.429998 -67.3015 -67.3836
-83 0.431762 -67.2733 -67.3588
-82 0.433799 -67.2411 -67.3301
-81 0.436106 -67.205 -67.2976
-80 0.438685 -67.165 -67.2613
-79 0.441536 -67.121 -67.2212
-78 0.444658 -67.073 -67.1773
-77 0.448052 -67.0211 -67.1296
-76 0.451717 -66.9653 -67.0781
-75 0.455654 -66.9055 -67.0228
-74 0.459862 -66.8417 -66.9637
-73 0.464342 -66.774 -66.9008
-72 0.469093 -66.7023 -66.8342
-71 0.474116 -66.6266 -66.7638
-70 0.47941 -66.547 -66.6896
-69 0.484975 -66.4635 -66.6116
-68 0.490813 -66.3759 -66.5299
-67 0.496921 -66.2844 -66.4445
-66 0.503301 -66.189 -66.3553
-65 0.509953 -66.0896 -66.2624
-64 0.516876 -65.9862 -66.1657
-63 0.524071 -65.8789 -66.0654
-62 0.531537 -65.7676 -65.9613
-61 0.539275 -65.6524 -65.8535
-60 0.547284 -65.5332 -65.7421
-59 0.555564 -65.4101 -65.627
-58 0.564116 -65.283 -65.5082
-57 0.57294 -65.152 -65.3857
-56 0.582035 -65.017 -65.2596
-55 0.591402 -64.8782 -65.1299
-54 0.60104 -64.7354 -64.9965
-53 0.610949 -64.5886 -64.8595
-52 0.621131 -64.438 -64.7189
-51 0.631583 -64.2835 -64.5747
-50 0.642307 -64.125 -64.427
-49 0.653303 -63.9627 -64.2757
-48 0.66457 -63.7964 -64.1208
-47 0.676108 -63.6263 -63.9624
-46 0.687918 -63.4523 -63.8005
-45 0.7 -63.2745 -63.635
-44 0.712217 -63.0947 -63.4679
-43 0.724435 -62.9149 -63.3011
-42 0.736652 -62.7352 -63.1344
-41 0.748869 -62.5554 -62.968
-40 0.761087 -62.3756 -62.8018
-39 0.773304 -62.1958 -62.6358
-38 0.785521 -62.0161 -62.47
-37 0.797738 -61.8363 -62.3045
-36 0.809956 -61.6565 -62.1392
-35 0.822173 -61.4768 -61.9741
-34 0.83439 -61.297 -61.8092
-33 0.846608 -61.1172 -61.6445
-32 0.858825 -60.9375 -61.4801
-31 0.871042 -60.7577 -61.3158
-30 0.88326 -60.578 -61.1518
-29 0.895477 -60.3982 -60.988
-28 0.907694 -60.2185 -60.8245
-27 0.919911 -60.0388 -60.6611
-26 0.932129 -59.8591 -60.498
-25 0.944346 -59.6794 -60.3351
-24 0.956563 -59.4997 -60.1724
-23 0.968781 -59.32 -60.0099
-22 0.980998 -59.1404 -59.8477
-21 0.993215 -58.9608 -59.6856
-20 1.00543 -58.7811 -59.5238
-19 1.01765 -58.6015 -59.3622
-18 1.02987 -58.422 -59.2009
-17 1.04208 -58.2424 -59.0397
-16 1.0543 -58.0629 -58.8788
-15 1.06652 -57.8834 -58.7181
-14 1.07874 -57.7039 -58.5576
-13 1.09095 -57.5245 -58.3973
-12 1.10317 -57.3451 -58.2372
-11 1.11539 -57.1657 -58.0774
-10 1.12761 -56.9864 -57.9178
-9 1.13982 -56.8071 -57.7584
-8 1.15204 -56.6279 -57.5992
-7 1.16426 -56.4487 -57.4403
-6 1.17647 -56.2695 -57.2815
-5 1.18869 -56.0904 -57.123
-4 1.20091 -55.9114 -56.9647
-3 1.21313 -55.7324 -56.8066
-2 1.22534 -55.5534 -56.6488
-1 1.23756 -55.3745 -56.4911
0 1.24978 -55.1957 -56.3337
1 1.262 -55.0169 -56.1765
2 1.27421 -54.8383 -56.0195
3 1.28643 -54.6596 -55.8628
4 1.29865 -54.4811 -55.7062
5 1.31087 -54.3026 -55.5499
6 1.32308 -54.1242 -55.3938
7 1.3353 -53.9459 -55.2379
8 1.34752 -53.7677 -55.0823
9 1.35973 -53.5895 -54.9268
10 1.37195 -53.4115 -54.7716
11 1.38417 -53.2335 -54.6166
12 1.39639 -53.0556 -54.4618
13 1.4086 -52.8779 -54.3072
14 1.42082 -52.7002 -54.1529
15 1.43304 -52.5227 -53.9988
16 1.44526 -52.3452 -53.8449
17 1.45747 -52.1679 -53.6912
18 1.46969 -51.9907 -53.5377
19 1.48191 -51.8136 -53.3845
20 1.49412 -51.6366 -53.2314
21 1.50634 -51.4598 -53.0786
22 1.51856 -51.2831 -52.9261
23 1.53078 -51.1065 -52.7737
24 1.54299 -50.9301 -52.6215
25 1.55521 -50.7538 -52.4696
26 1.56743 -50.5776 -52.3179
27 1.57965 -50.4016 -52.1664
28 1.59186 -50.2257 -52.0151
29 1.60408 -50.05 -51.8641
30 1.6163 -49.8745 -51.7133
31 1.62852 -49.6991 -51.5627
32 1.64073 -49.5239 -51.4123
33 1.65295 -49.3489 -51.2621
34 1.66517 -49.174 -51.1121
35 1.67738 -48.9993 -50.9624
36 1.6896 -48.8248 -50.8129
37 1.70182 -48.6505 -50.6636
38 1.71404 -48.4763 -50.5145
39 1.72625 -48.3024 -50.3657
40 1.73847 -48.1287 -50.217
41 1.75069 -47.9551 -50.0686
42 1.76291 -47.7818 -49.9204
43 1.77512 -47.6086 -49.7725
44 1.78734 -47.4357 -49.6247
45 1.79956 -47.263 -49.4772
46 1.81177 -47.0905 -49.3299
47 1.82399 -46.9183 -49.1828
48 1.83621 -46.7462 -49.0359
49 1.84843 -46.5744 -48.8892
50 1.86064 -46.4029 -48.7428
51 1.87286 -46.2315 -48.5966
52 1.88508 -46.0605 -48.4506
53 1.8973 -45.8896 -48.3048
54 1.90951 -45.719 -48.1592
55 1.92173 -45.5487 -48.0139
56 1.93395 -45.3786 -47.8688
57 1.94617 -45.2088 -47.7239
58 1.95838 -45.0392 -47.5792
59 1.9706 -44.87 -47.4347
60 1.98282 -44.701 -47.2905
61 1.99503 -44.5322 -47.1465
62 2.00725 -44.3638 -47.0027
63 2.01947 -44.1956 -46.8591
64 2.03169 -44.0277 -46.7157
65 2.0439 -43.8601 -46.5726
66 2.05612 -43.6928 -46.4297
67 2.06834 -43.5258 -46.287
68 2.08056 -43.3592 -46.1445
69 2.09277 -43.1928 -46.0022
70 2.10499 -43.0267 -45.8602
71 2.11721 -42.8609 -45.7183
72 2.12942 -42.6955 -45.5767
73 2.14164 -42.5303 -45.4354
74 2.15386 -42.3655 -45.2942
75 2.16608 -42.201 -45.1532
76 2.17829 -42.0369 -45.0125
77 2.19051 -41.8731 -44.872
78 2.20273 -41.7096 -44.7317
79 2.21495 -41.5464 -44.5917
80 2.22716 -41.3836 -44.4518
81 2.23938 -41.2212 -44.3122
82 2.2516 -41.0591 -44.1728
83 2.26382 -40.8973 -44.0336
84 2.27603 -40.7359 -43.8946
85 2.28825 -40.5749 -43.7559
86 2.30047 -40.4142 -43.6173
87 2.31268 -40.2539 -43.479
88 2.3249 -40.0939 -43.3409
89 2.33712 -39.9343 -43.2031
90 2.34934 -39.7751 -43.0654
91 2.36155 -39.6163 -42.928
92 2.37377 -39.4578 -42.7908
93 2.38599 -39.2997 -42.6538
94 2.39821 -39.142 -42.517
95 2.41042 -38.9847 -42.3804
96 2.42264 -38.8278 -42.2441
97 2.43486 -38.6713 -42.108
98 2.44707 -38.5151 -41.9721
99 2.45929 -38.3594 -41.8364
100 2.47151 -38.204 -41.701
101 2.48373 -38.0491 -41.5657
102 2.49594 -37.8945 -41.4307
103 2.50816 -37.7404 -41.2959
104 2.52038 -37.5867 -41.1613
105 2.5326 -37.4333 -41.027
106 2.54481 -37.2804 -40.8928
107 2.55703 -37.1279 -40.7589
108 2.56925 -36.9758 -40.6252
109 2.58146 -36.8241 -40.4918
110 2.59368 -36.6729 -40.3585
111 2.6059 -36.522 -40.2255
112 2.61812 -36.3716 -40.0926
113 2.63033 -36.2216 -39.96
114 2.64255 -36.072 -39.8277
115 2.65477 -35.9229 -39.6955
116 2.66699 -35.7742 -39.5636
117 2.6792 -35.6259 -39.4318
118 2.69142 -35.478 -39.3003
119 2.70364 -35.3305 -39.169
120 2.71586 -35.1835 -39.038
121 2.72807 -35.037 -38.9071
122 2.74029 -34.8908 -38.7765
123 2.75251 -34.7451 -38.6461
124 2.76472 -34.5998 -38.5159
125 2.77694 -34.455 -38.386
126 2.78916 -34.3106 -38.2562
127 2.80138 -34.1666 -38.1267
128 2.81359 -34.0231 -37.9974
129 2.82581 -33.88 -37.8683
130 2.83803 -33.7373 -37.7394
131 2.85025 -33.5951 -37.6108
132 2.86246 -33.4533 -37.4824
133 2.87468 -33.312 -37.3542
134 2.8869 -33.1711 -37.2262
135 2.89911 -33.0306 -37.0984
136 2.91133 -32.8906 -36.9709
137 2.92355 -32.751 -36.8435
138 2.93577 -32.6119 -36.7164
139 2.94798 -32.4732 -36.5895
140 2.9602 -32.3349 -36.4629
141 2.97242 -32.1971 -36.3364
142 2.98464 -32.0597 -36.2102
143 2.99685 -31.9227 -36.0842
144 3.00907 -31.7862 -35.9584
145 3.02129 -31.6501 -35.8328
146 3.03351 -31.5145 -35.7075
147 3.04572 -31.3793 -35.5823
148 3.05794 -31.2445 -35.4574
149 3.07016 -31.1102 -35.3327
150 3.08237 -30.9763 -35.2082
151 3.09459 -30.8428 -35.084
152 3.10681 -30.7097 -34.96
153 3.11903 -30.5771 -34.8361
154 3.13124 -30.4449 -34.7125
155 3.14346 -30.3132 -34.5892
156 3.15568 -30.1818 -34.466
157 3.1679 -30.0509 -34.3431
158 3.18011 -29.9205 -34.2204
159 3.19233 -29.7904 -34.0979
160 3.20455 -29.6608 -33.9756
161 3.21676 -29.5315 -33.8535
162 3.22898 -29.4027 -33.7317
163 3.2412 -29.2743 -33.6101
164 3.25342 -29.1464 -33.4887
165 3.26563 -29.0188 -33.3675
166 3.27785 -28.8916 -33.2465
167 3.29007 -28.7649 -33.1258
168 3.30229 -28.6385 -33.0053
169 3.3145 -28.5126 -32.885
170 3.32672 -28.3871 -32.7649
171 3.33894 -28.2619 -32.645
172 3.35116 -28.1372 -32.5254
173 3.36337 -28.0128 -32.406
174 3.37559 -27.8889 -32.2868
175 3.38781 -27.7653 -32.1678
176 3.40002 -27.6421 -32.049
177 3.41224 -27.5194 -31.9305
178 3.42446 -27.397 -31.8122
179 3.43668 -27.2749 -31.6941
180 3.44889 -27.1533 -31.5762
